5 3 3 4 7 4 16 3 3 3 3 5 13 12 8 4 3 3 3 3 3 3 3 3 3 3 3 3 3 3 4 9 17
5 11 3 4 3 4 7 3 17 17 17 17 3 3 3 3 3 3 3 3 3 3 3 3 3 3 3 3 3 3 8 3 3
5 3 3 4 3 11 8 3 6 4 4 3 3 6 3 8 3 3 3 3 3 3 3 3 3 3 3 3 3 3 5 6 3
5 9 3 3 3 6 11 10 3 3 3 13 3 12 3 7 3 3 3 3 3 3 3 3 3 3 3 3 3 3 5 4 3
5 13 3 3 4 7 8 3 7 3 4 8 3 3 3 17 3 3 3 3 3 3 3 3 3 3 3 3 3 3 4 12 3
5 13 3 3 4 7 8 3 7 3 4 4 3 3 7 13 3 3 3 3 3 3 3 3 3 3 3 3 3 3 4 12 3
5 3 3 4 3 9 3 3 3 4 15 3 17 3 3 3 3 3 3 3 3 3 3 3 3 3 6 8 3 3 3 11 3
5 13 3 6 12 17 7 5 17 5 3 4 4 3 3 4 3 3 3 3 3 3 3 3 3 3 3 3 3 3 8 6 3
5 13 3 3 5 6 13 3 3 4 18 8 3 3 3 6 3 3 3 3 3 3 3 3 3 3 3 3 3 3 4 10 3
5 9 3 8 9 5 11 3 3 3 3 4 3 3 5 13 3 3 3 3 3 3 3 3 3 3 3 3 3 3 10 14 3
5 3 3 4 3 9 10 15 4 10 9 15 3 3 4 4 3 3 3 3 3 3 3 3 3 3 3 3 3 3 5 4 3
5 9 5 3 3 3 3 3 3 5 16 3 3 5 3 3 3 3 3 3 3 3 3 3 3 3 3 3 3 3 4 8 3
5 3 3 4 3 9 3 3 3 4 15 3 4 3 3 13 3 3 3 3 3 3 3 3 3 3 3 3 3 3 5 4 3
5 13 3 3 4 7 8 3 7 3 4 4 3 3 7 8 3 3 3 3 3 3 3 3 3 3 3 3 3 3 5 5 6
5 13 3 3 4 7 8 3 7 3 4 4 3 3 7 16 3 3 3 3 3 3 3 3 3 3 3 3 3 3 4 9 17
5 9 3 10 18 11 14 3 7 3 3 5 3 3 5 11 3 3 3 3 3 3 3 3 3 3 3 3 3 3 5 4 3
5 9 4 3 3 3 13 4 4 3 10 9 3 3 3 3 3 3 3 3 3 3 3 3 3 3 3 3 3 3 5 8 6
5 7 3 4 5 3 3 3 9 9 9 3 3 3 3 3 3 3 3 3 3 3 3 3 3 3 3 3 3 4 14 6 3
5 13 3 3 4 7 8 3 7 3 4 8 3 3 3 3 3 3 3 3 3 3 3 3 3 3 3 3 3 3 4 10 3
5 13 3 3 4 4 7 11 16 14 3 3 3 3 3 3 3 3 3 3 3 3 3 3 3 3 3 3 3 3 4 10 3
5 3 3 4 3 9 15 11 3 4 11 3 3 3 3 8 3 3 3 3 3 3 3 3 3 3 3 3 3 3 4 8 3
5 9 5 3 3 4 4 13 13 3 5 16 3 3 3 3 3 3 3 3 3 3 3 3 3 3 3 3 3 3 4 10 3
5 13 3 3 4 7 8 3 7 3 4 8 3 3 3 18 3 3 3 3 3 3 3 3 3 3 3 3 3 3 4 8 3
5 13 3 3 4 7 8 3 7 3 4 4 3 3 7 17 3 3 3 3 3 3 3 3 3 3 3 3 3 3 5 6 3
5 13 3 3 4 7 8 3 7 3 4 4 3 3 7 6 3 3 3 3 3 3 3 3 3 3 3 3 3 3 5 4 3
5 13 3 3 4 7 8 3 7 3 4 8 3 3 3 9 3 3 3 3 3 3 3 3 3 3 3 3 3 3 4 10 3
5 3 3 4 3 8 3 3 3 3 3 4 3 3 3 3 3 3 3 3 3 3 3 3 3 3 3 3 3 3 8 6 3
5 13 3 3 4 7 8 3 7 3 4 3 3 15 3 9 3 3 3 3 3 3 3 3 3 3 3 3 3 3 9 17 3
5 3 3 4 3 11 8 3 6 4 4 3 3 6 3 7 3 3 3 3 3 3 3 3 3 3 3 3 3 3 4 9 17
5 3 3 4 4 5 17 3 3 11 3 6 3 3 3 7 3 3 3 3 3 3 3 3 3 3 3 3 3 3 4 9 17
5 3 3 4 5 3 6 3 3 3 3 3 3 3 6 8 3 3 3 3 3 3 3 3 3 3 3 3 3 3 5 5 6
5 13 3 3 4 7 8 3 7 3 4 5 3 3 3 4 3 3 3 3 3 3 3 3 3 3 3 3 3 3 4 12 3
5 13 3 3 5 6 13 3 3 4 17 8 3 3 3 6 3 3 3 3 3 3 3 3 3 3 3 3 3 3 4 10 3
5 3 3 4 3 7 10 3 3 3 18 16 3 3 3 6 3 3 3 3 3 3 3 3 3 3 3 3 3 3 11 3 3
5 11 3 3 3 6 11 3 8 3 3 3 3 3 3 15 3 3 3 3 3 3 3 3 3 3 3 3 3 3 4 12 3
5 9 3 10 18 11 14 3 7 3 3 6 3 15 3 9 3 3 3 3 3 3 3 3 3 3 3 3 3 3 11 3 3
5 3 3 4 3 5 8 3 15 3 3 9 3 3 3 3 3 3 3 3 3 3 3 3 3 3 3 3 3 3 6 8 3
5 9 5 3 3 4 4 13 13 3 3 17 3 3 3 4 3 3 3 3 3 3 3 3 3 3 3 3 3 3 5 6 3
5 3 3 4 3 7 18 11 3 3 3 3 3 3 3 5 3 3 3 3 3 3 3 3 3 3 3 3 3 3 4 12 3
5 3 3 4 3 9 10 15 4 12 12 11 3 5 3 5 3 3 3 3 3 3 3 3 3 3 3 3 3 4 11 8 3
5 3 3 4 7 4 16 3 3 3 3 11 16 4 8 7 3 3 3 3 3 3 3 3 3 3 3 3 3 3 4 10 6
5 3 3 4 3 9 10 11 3 3 12 7 3 3 8 6 3 3 3 3 3 3 3 3 3 3 3 3 3 3 8 6 3
5 9 5 3 3 4 4 13 13 3 4 12 3 3 3 3 3 3 3 3 3 3 3 3 3 3 3 3 3 3 4 8 3
5 13 3 3 4 7 8 3 7 3 4 4 3 3 7 17 3 3 3 3 3 3 3 3 3 3 3 3 3 3 4 9 17
5 13 3 3 4 7 8 3 7 3 4 4 3 3 7 4 3 3 3 3 3 3 3 3 3 3 3 3 3 3 5 6 3
5 13 3 3 4 7 8 3 7 3 4 4 3 3 7 7 3 3 3 3 3 3 3 3 3 3 3 3 3 3 4 10 3
5 9 3 3 3 6 11 10 3 3 3 14 3 12 3 7 3 3 3 3 3 3 3 3 3 3 3 3 3 3 5 5 6
5 9 5 3 3 3 10 7 3 3 4 6 3 3 3 3 3 3 3 3 3 3 3 3 3 3 3 3 3 3 4 9 3
5 13 3 3 5 6 13 3 3 4 18 8 3 3 3 4 3 3 3 3 3 3 3 3 3 3 3 3 3 3 4 8 3
5 9 5 3 3 4 4 13 13 3 4 12 3 3 3 3 3 3 3 3 3 3 3 3 3 3 3 3 3 3 4 9 3
5 13 3 3 4 7 8 3 7 3 4 4 3 3 7 13 3 3 3 3 3 3 3 3 3 3 3 3 3 3 5 6 3
5 13 3 3 4 7 8 3 7 3 4 4 3 3 6 18 3 3 3 3 3 3 3 3 3 3 3 3 3 3 5 4 3
5 9 5 3 3 4 4 13 13 3 5 13 3 3 3 3 3 3 3 3 3 3 3 3 3 3 3 3 3 3 4 9 3
5 13 3 3 4 7 8 3 7 3 4 8 3 3 3 10 3 3 3 3 3 3 3 3 3 3 3 3 3 3 4 10 3
5 13 3 3 4 7 8 3 7 3 4 4 3 3 7 8 3 3 3 3 3 3 3 3 3 3 3 3 3 3 4 10 3
5 9 3 8 9 5 11 3 3 3 3 4 3 4 3 10 3 3 3 3 3 3 3 3 3 3 3 3 3 4 4 3 3
5 13 3 5 3 9 14 11 14 3 4 3 8 3 9 15 3 3 3 3 3 3 3 3 3 3 3 3 3 3 4 8 3
5 13 3 7 7 17 7 5 3 3 4 4 3 3 3 3 3 3 3 3 3 3 3 3 3 3 3 3 3 5 5 6 3
5 13 3 3 4 7 8 3 7 3 4 4 3 3 7 15 3 3 3 3 3 3 3 3 3 3 3 3 3 3 4 12 3
5 3 3 4 7 11 9 3 7 11 3 5 3 3 6 11 3 3 3 3 3 3 3 3 3 3 3 3 3 3 4 8 3
5 3 3 4 7 11 9 3 7 11 3 5 3 3 6 7 3 3 3 3 3 3 3 3 3 3 3 3 3 3 4 8 3
5 13 3 4 3 9 3 11 18 18 18 18 11 12 12 12 3 3 3 3 3 3 3 3 3 3 3 3 3 3 4 10 3
6 9 5 3 3 4 4 13 13 3 5 13 3 3 3 3 3 3 3 3 3 3 3 3 3 3 3 3 3 3 5 5 6
5 13 3 3 4 7 8 3 7 3 4 5 3 3 3 3 3 3 3 3 3 3 3 3 3 3 3 3 3 3 4 10 3
5 13 3 3 4 7 8 3 7 3 4 4 3 3 6 16 3 3 3 3 3 3 3 3 3 3 3 3 3 3 4 12 3
5 3 3 4 3 9 6 11 3 8 3 7 5 3 3 3 3 3 3 3 3 3 3 3 3 3 3 3 3 3 6 8 3
5 3 3 4 4 5 17 3 3 11 3 6 3 3 3 14 3 3 3 3 3 3 3 3 3 3 3 3 3 3 4 12 3
5 7 3 7 9 11 3 3 7 3 3 11 3 15 3 10 3 3 3 3 3 3 3 3 3 3 3 3 3 3 8 6 3
5 13 3 3 4 7 8 3 7 3 4 4 3 3 6 18 3 3 3 3 3 3 3 3 3 3 3 3 3 3 4 8 3
5 9 3 10 18 11 14 3 7 3 3 6 3 15 4 8 3 3 3 3 3 3 3 3 3 3 3 3 3 4 4 3 3
5 9 3 3 4 7 4 10 3 3 10 9 3 5 12 6 3 3 3 3 3 3 3 3 3 3 3 3 3 6 11 12 14
5 3 3 4 4 5 17 3 3 11 3 6 3 3 3 14 3 3 3 3 3 3 3 3 3 3 3 3 3 3 4 12 3
5 9 3 8 9 5 11 3 3 3 3 4 3 3 5 13 3 3 3 3 3 3 3 3 3 3 3 3 3 3 10 14 3
5 13 3 3 4 7 8 3 7 3 4 4 3 3 7 8 3 3 3 3 3 3 3 3 3 3 3 3 3 3 5 5 6
5 3 3 4 7 4 16 3 3 3 3 5 13 14 14 5 3 3 3 3 3 3 3 3 3 3 3 3 3 3 5 5 3
5 9 5 3 3 4 4 13 13 3 4 12 3 3 3 4 3 3 3 3 3 3 3 3 3 3 3 3 3 3 4 9 17
5 13 3 3 4 7 8 3 7 3 4 4 3 3 7 7 3 3 3 3 3 3 3 3 3 3 3 3 3 3 4 8 3
5 13 3 3 4 7 8 3 7 3 4 4 3 3 7 9 3 3 3 3 3 3 3 3 3 3 3 3 3 3 5 6 3
5 3 3 4 3 9 3 3 3 4 15 3 4 3 3 13 3 3 3 3 3 3 3 3 3 3 3 3 3 3 5 6 3
5 3 3 4 7 11 9 3 7 11 3 5 3 3 6 5 3 3 3 3 3 3 3 3 3 3 3 3 3 3 4 8 3
5 3 3 4 3 9 10 15 4 3 4 3 3 3 5 6 3 3 3 3 3 3 3 3 3 3 3 3 3 3 8 6 3
5 13 3 3 12 18 3 3 3 3 3 3 3 3 3 6 3 3 3 3 3 3 3 3 3 3 3 3 3 3 5 5 6
5 13 3 5 3 5 8 3 3 3 3 3 3 3 3 11 3 3 3 3 3 3 3 3 3 3 3 3 3 3 8 6 3
5 13 3 3 4 7 8 3 7 3 4 3 3 15 3 16 3 3 3 3 3 3 3 3 3 3 3 3 3 3 9 17 3
5 9 3 3 3 6 11 10 3 3 3 9 3 12 11 7 3 3 3 3 3 3 3 3 3 3 3 3 3 3 11 3 3
5 3 3 4 3 9 10 15 4 3 4 4 3 3 3 4 3 3 3 3 3 3 3 3 3 3 3 3 3 3 8 6 3
5 9 5 3 3 3 3 3 3 15 15 11 3 3 3 3 3 3 3 3 3 3 3 3 3 3 3 3 3 3 11 3 3
5 13 3 3 4 13 5 11 4 8 3 4 3 3 3 3 3 3 3 3 3 3 3 3 3 3 3 3 3 3 4 10 3
5 13 3 3 4 7 8 3 7 3 4 4 3 3 6 16 3 3 3 3 3 3 3 3 3 3 3 3 3 3 4 8 3
5 13 3 3 4 7 8 3 7 3 4 4 3 3 6 16 3 3 3 3 3 3 3 3 3 3 3 3 3 3 4 12 3
5 9 5 3 3 4 4 13 13 3 3 17 3 3 3 5 3 3 3 3 3 3 3 3 3 3 3 3 3 3 5 5 6
5 13 3 3 4 13 5 11 4 8 3 4 3 3 3 3 3 3 3 3 3 3 3 3 3 3 3 3 3 3 4 10 3
5 13 3 3 4 7 8 3 7 3 4 4 3 3 6 18 3 3 3 3 3 3 3 3 3 3 3 3 3 3 5 5 6
5 3 3 4 3 10 5 3 3 7 5 7 3 3 3 4 3 3 3 3 3 3 3 3 3 3 3 4 3 3 4 8 3
5 13 3 3 4 7 8 3 7 3 4 4 3 3 7 17 3 3 3 3 3 3 3 3 3 3 3 3 3 3 4 8 3
5 9 5 3 3 4 4 13 13 3 4 13 3 3 3 3 3 3 3 3 3 3 3 3 3 3 3 3 3 3 4 12 3
5 13 3 5 3 5 8 3 3 3 3 3 3 3 3 11 3 3 3 3 3 3 3 3 3 3 3 3 3 3 8 6 3
5 3 3 5 4 18 11 9 4 4 9 18 3 3 3 4 3 3 3 3 3 3 3 3 3 3 3 3 3 3 4 10 3
5 9 3 8 9 5 11 3 3 3 3 4 3 3 8 5 3 3 3 3 3 3 3 3 3 3 3 3 3 3 5 5 3
5 3 3 4 3 10 16 3 3 14 3 3 18 4 4 3 3 3 3 3 3 3 3 3 3 3 3 3 3 3 8 6 3
5 13 3 3 4 7 8 3 7 3 4 5 3 3 3 4 3 3 3 3 3 3 3 3 3 3 3 3 3 3 4 9 3
5 3 3 4 3 9 6 11 3 8 3 7 5 3 3 3 3 3 3 3 3 3 3 3 3 3 3 3 3 3 6 8 3
5 3 3 4 3 7 15 11 3 3 3 17 3 3 3 4 3 3 3 3 3 3 3 3 3 3 3 3 3 3 4 8 3
5 9 3 3 4 7 3 9 3 3 4 6 3 4 11 9 3 3 3 3 3 3 3 3 3 3 3 3 3 6 11 12 3
5 13 3 3 4 7 8 3 7 3 4 4 3 3 7 7 3 3 3 3 3 3 3 3 3 3 3 3 3 3 5 5 6
5 11 3 3 3 6 11 3 8 3 3 3 3 3 3 10 3 3 3 3 3 3 3 3 3 3 3 3 3 3 4 12 3
5 9 5 3 3 4 4 13 13 3 3 17 3 3 3 5 3 3 3 3 3 3 3 3 3 3 3 3 3 3 5 6 3
5 13 3 14 3 17 7 3 3 3 3 4 3 3 3 3 3 3 3 3 3 3 3 3 3 3 3 3 3 3 5 4 3
5 13 3 3 4 7 8 3 7 3 4 8 3 3 4 3 3 3 3 3 3 3 3 3 3 3 3 3 3 3 5 5 6
5 9 3 3 5 3 3 3 4 3 3 3 3 3 3 3 3 3 3 3 3 3 3 3 3 3 3 3 3 3 8 6 3
5 13 3 3 4 7 8 3 7 3 4 8 3 3 3 16 3 3 3 3 3 3 3 3 3 3 3 3 3 3 5 4 3
5 13 3 3 4 7 8 3 7 3 4 8 3 3 3 15 3 3 3 3 3 3 3 3 3 3 3 3 3 3 4 10 3
5 9 5 3 3 4 4 13 13 3 4 12 3 3 3 3 3 3 3 3 3 3 3 3 3 3 3 3 3 3 4 12 3
5 13 3 3 4 7 8 3 7 3 4 8 3 3 3 9 3 3 3 3 3 3 3 3 3 3 3 3 3 3 4 9 17
5 13 3 3 4 7 8 3 7 3 4 4 3 3 7 4 3 3 3 3 3 3 3 3 3 3 3 3 3 3 5 5 6
5 13 3 5 18 17 11 3 4 3 4 3 3 3 3 3 3 3 3 3 3 3 3 3 3 3 3 3 3 3 4 9 3
5 13 3 3 4 7 8 3 7 3 4 8 3 3 3 3 3 3 3 3 3 3 3 3 3 3 3 3 3 3 4 10 3
5 7 3 7 9 11 3 3 7 3 3 11 3 15 3 10 3 3 3 3 3 3 3 3 3 3 3 3 3 3 11 3 3
5 9 3 3 5 3 3 3 4 3 3 3 3 3 3 3 3 3 3 3 3 3 3 3 3 3 3 3 3 3 7 12 3
5 9 5 3 3 4 4 13 13 3 4 13 3 3 3 3 3 3 3 3 3 3 3 3 3 3 3 3 3 3 5 5 6
5 3 3 4 3 16 13 11 16 11 3 15 3 3 3 4 3 3 3 3 3 3 3 3 3 3 3 4 3 3 8 6 16
5 3 3 4 3 11 8 3 6 4 4 3 3 6 3 7 3 3 3 3 3 3 3 3 3 3 3 3 3 3 4 10 3
5 13 3 3 4 13 5 11 4 8 3 4 3 3 3 3 3 3 3 3 3 3 3 3 3 3 3 3 3 3 4 10 3
5 13 3 3 4 7 8 3 7 3 4 4 3 3 7 12 3 3 3 3 3 3 3 3 3 3 3 3 3 3 4 8 3
5 13 3 5 5 5 10 11 10 3 17 14 3 5 12 11 3 3 3 3 3 3 3 3 3 3 3 3 3 3 8 6 3
5 9 3 8 9 5 11 3 3 3 3 4 3 3 7 4 3 3 3 3 3 3 3 3 3 3 3 3 3 3 5 5 3
5 13 3 7 5 14 3 3 3 4 4 12 3 3 3 3 3 3 3 3 3 3 3 3 3 3 3 15 3 4 4 3 3
5 3 3 4 3 7 18 11 3 3 3 3 3 3 3 5 3 3 3 3 3 3 3 3 3 3 3 3 3 3 4 12 3
5 3 3 4 4 5 17 3 3 11 3 6 3 3 3 14 3 3 3 3 3 3 3 3 3 3 3 3 3 3 4 9 17
5 13 3 4 3 4 4 4 5 3 3 6 3 3 3 3 3 3 3 3 3 3 3 3 3 3 3 3 3 3 8 3 3
5 13 3 3 4 7 8 3 7 3 4 4 3 3 7 16 3 3 3 3 3 3 3 3 3 3 3 3 3 3 5 6 3
5 9 5 3 3 4 4 13 13 3 3 17 3 3 3 4 3 3 3 3 3 3 3 3 3 3 3 3 3 3 4 9 17
5 13 3 3 12 16 5 3 8 6 8 6 3 3 3 3 3 3 3 3 3 3 3 3 3 3 3 3 3 3 8 6 3
5 13 3 3 4 13 5 11 5 3 4 3 3 3 3 4 3 3 3 3 3 3 3 3 3 3 3 3 3 3 6 8 3
5 13 3 3 3 18 5 3 3 3 3 3 3 3 3 3 3 3 3 3 3 3 3 3 3 3 3 3 3 3 8 6 3
5 13 3 3 13 14 3 3 3 11 3 4 3 3 3 3 3 3 3 3 3 3 3 3 3 3 3 3 3 3 8 6 3
5 9 5 3 3 4 4 13 13 3 4 12 3 3 3 3 3 3 3 3 3 3 3 3 3 3 3 3 3 3 4 8 3
5 11 3 3 3 6 11 3 8 3 3 3 3 3 3 12 3 3 3 3 3 3 3 3 3 3 3 3 3 3 4 10 3
5 13 3 3 4 7 8 3 7 3 4 5 3 3 3 3 3 3 3 3 3 3 3 3 3 3 3 3 3 3 4 10 3
5 9 3 10 18 3 16 3 6 11 3 5 3 3 11 7 3 3 3 3 3 3 3 3 3 3 3 3 3 3 8 6 3
5 13 3 3 4 7 8 3 7 3 4 5 3 3 3 4 3 3 3 3 3 3 3 3 3 3 3 3 3 3 4 12 3
5 9 5 3 3 4 4 13 13 3 3 17 3 3 3 5 3 3 3 3 3 3 3 3 3 3 3 3 3 3 5 5 6
5 3 3 4 3 9 3 3 3 4 15 3 4 3 3 13 3 3 3 3 3 3 3 3 3 3 3 3 3 3 5 5 3
5 7 3 6 12 7 3 3 3 3 3 5 3 3 3 5 3 3 3 3 3 3 3 3 3 3 3 3 3 3 5 5 6
5 13 3 3 5 6 13 3 3 4 17 8 3 3 3 4 3 3 3 3 3 3 3 3 3 3 3 3 3 3 4 12 3
5 13 3 3 4 7 8 3 7 3 4 4 3 3 7 5 3 3 3 3 3 3 3 3 3 3 3 3 3 3 5 5 6
5 13 3 3 5 6 13 3 3 4 17 8 3 3 3 5 3 3 3 3 3 3 3 3 3 3 3 3 3 3 4 8 3
5 3 3 4 3 9 10 15 4 10 7 3 12 3 3 8 3 3 3 3 3 3 3 3 3 3 3 3 3 3 5 4 3
5 13 3 3 5 6 13 3 3 4 18 8 3 3 3 6 3 3 3 3 3 3 3 3 3 3 3 3 3 3 4 8 3
5 13 3 6 3 3 11 3 3 3 3 3 3 3 13 3 3 3 3 3 3 3 3 3 3 3 3 3 3 3 8 6 3
5 9 5 3 3 4 4 13 13 3 3 17 3 3 3 4 3 3 3 3 3 3 3 3 3 3 3 3 3 3 4 10 3
5 11 3 4 3 4 7 3 17 17 17 17 3 3 3 3 3 3 3 3 3 3 3 3 3 3 3 3 3 3 8 3 3
5 13 3 3 4 7 8 3 7 3 4 4 3 3 6 16 3 3 3 3 3 3 3 3 3 3 3 3 3 3 5 6 3
5 3 3 4 3 7 10 3 14 11 8 10 3 3 5 5 3 3 3 3 3 3 3 3 3 3 3 3 3 3 5 4 3
5 9 5 3 3 4 4 13 13 3 5 10 3 3 3 3 3 3 3 3 3 3 3 3 3 3 3 3 3 3 5 6 3
5 13 3 3 4 7 8 3 7 3 4 4 3 3 7 16 3 3 3 3 3 3 3 3 3 3 3 3 3 3 4 9 17
5 3 3 4 3 9 10 15 4 3 4 3 3 3 5 6 3 3 3 3 3 3 3 3 3 3 3 3 3 3 8 6 3
5 13 3 5 3 12 3 11 3 3 3 5 4 4 3 14 3 3 3 3 3 3 3 3 3 3 3 3 3 3 5 5 3
5 3 3 4 7 11 9 3 7 11 3 5 3 3 6 7 3 3 3 3 3 3 3 3 3 3 3 3 3 3 4 8 3
5 13 3 3 4 7 8 3 7 3 4 8 3 3 3 15 3 3 3 3 3 3 3 3 3 3 3 3 3 3 5 6 3
5 9 5 3 3 3 12 8 7 3 3 5 3 3 3 3 3 3 3 3 3 3 3 3 3 3 3 3 3 4 5 6 3
5 13 3 3 13 14 3 3 3 11 3 3 3 3 3 4 3 3 3 3 3 3 3 3 3 3 3 4 3 3 8 6 3
5 13 3 3 4 7 8 3 7 3 4 8 3 3 3 18 3 3 3 3 3 3 3 3 3 3 3 3 3 3 5 4 3
5 3 3 4 5 3 6 3 3 3 3 3 3 3 6 8 3 3 3 3 3 3 3 3 3 3 3 3 3 3 4 12 3
5 13 3 3 4 7 8 3 7 3 4 4 3 3 7 15 3 3 3 3 3 3 3 3 3 3 3 3 3 3 5 6 3
5 9 5 3 3 4 4 13 13 3 5 10 3 3 3 3 3 3 3 3 3 3 3 3 3 3 3 3 3 3 4 10 3
5 13 3 3 4 7 8 3 7 3 4 8 3 3 3 17 3 3 3 3 3 3 3 3 3 3 3 3 3 3 4 10 3
5 3 3 4 4 9 7 3 3 3 3 6 3 3 3 3 3 3 3 3 3 3 3 3 3 3 3 3 3 3 8 6 3
5 13 3 7 7 17 7 5 3 5 3 3 3 3 3 3 3 3 3 3 3 3 3 3 3 3 3 3 3 8 3 3 4
5 13 3 3 4 7 8 3 7 3 4 4 3 3 7 7 3 3 3 3 3 3 3 3 3 3 3 3 3 3 4 10 3
5 9 3 3 3 6 11 10 3 3 3 14 3 12 3 7 3 3 3 3 3 3 3 3 3 3 3 3 3 3 11 3 3
5 3 3 4 3 9 10 15 4 3 4 3 3 3 5 5 3 3 3 3 3 3 3 3 3 3 3 3 3 3 8 6 3
5 3 3 4 7 11 9 3 7 11 3 5 3 3 6 11 3 3 3 3 3 3 3 3 3 3 3 3 3 3 9 17 3
5 9 3 10 18 11 14 3 7 3 3 5 3 3 4 13 3 3 3 3 3 3 3 3 3 3 3 3 3 3 4 8 3
5 9 4 3 3 3 13 4 4 3 3 7 3 3 3 3 3 3 3 3 3 3 3 3 3 3 3 3 3 3 4 10 3
5 3 3 4 3 11 16 11 4 3 3 18 18 3 3 3 3 3 3 3 3 3 3 3 3 3 3 3 3 5 5 3 3
5 13 3 3 4 7 8 3 7 3 4 4 3 3 7 8 3 3 3 3 3 3 3 3 3 3 3 3 3 3 4 12 3
5 3 3 4 3 9 10 15 4 12 12 11 3 5 3 5 3 3 3 3 3 3 3 3 3 3 3 3 3 4 11 8 3
5 9 5 3 3 4 4 13 13 3 4 16 3 3 3 4 3 3 3 3 3 3 3 3 3 3 3 3 3 3 4 10 3
5 3 3 4 3 11 8 3 6 4 4 3 3 6 3 8 3 3 3 3 3 3 3 3 3 3 3 3 3 3 4 10 3
5 9 5 3 3 4 4 13 13 3 3 17 3 3 3 5 3 3 3 3 3 3 3 3 3 3 3 3 3 3 4 10 3
5 3 3 4 3 9 10 15 4 3 4 3 3 3 4 4 3 3 3 3 3 3 3 3 3 3 3 3 3 3 8 6 3
5 13 3 3 5 6 13 3 3 4 18 8 3 3 3 6 3 3 3 3 3 3 3 3 3 3 3 3 3 3 4 8 3
5 13 3 5 3 11 12 11 3 3 8 8 13 13 14 14 3 3 3 3 3 3 3 3 3 3 15 7 3 3 8 6 8
5 7 3 3 11 8 3 3 6 3 3 3 3 3 3 3 3 3 3 3 3 3 3 3 3 3 3 3 6 8 3 3 3
5 13 3 3 4 7 8 3 7 3 4 4 3 3 7 13 3 3 3 3 3 3 3 3 3 3 3 3 3 3 5 4 3
5 13 3 3 4 7 8 3 7 3 4 5 3 3 3 6 3 3 3 3 3 3 3 3 3 3 3 3 3 3 5 4 3
5 13 3 3 4 7 8 3 7 3 4 8 3 3 3 10 3 3 3 3 3 3 3 3 3 3 3 3 3 3 4 10 3
5 9 3 3 4 7 3 9 3 3 4 6 3 4 11 15 3 3 3 3 3 3 3 3 3 3 3 3 3 6 11 12 12
5 3 3 4 3 8 3 3 3 3 12 3 3 3 3 4 3 3 3 3 3 3 3 3 3 3 3 3 3 3 5 4 3
5 13 3 3 4 7 8 3 7 3 4 8 3 3 3 10 3 3 3 3 3 3 3 3 3 3 3 3 3 3 5 6 3
5 13 3 3 4 7 8 3 7 3 4 4 3 3 7 17 3 3 3 3 3 3 3 3 3 3 3 3 3 3 4 8 3
5 9 5 3 3 3 6 10 17 3 3 3 3 3 3 3 3 3 3 3 3 3 3 3 3 3 3 3 3 3 8 6 3
5 9 3 3 3 6 11 10 3 3 3 9 3 12 3 7 3 3 3 3 3 3 3 3 3 3 3 3 3 3 4 9 17
5 13 3 3 4 7 8 3 7 3 4 8 3 3 3 18 3 3 3 3 3 3 3 3 3 3 3 3 3 3 4 9 17
5 9 5 3 3 4 4 13 13 3 4 12 3 3 3 4 3 3 3 3 3 3 3 3 3 3 3 3 3 3 4 10 3
5 3 3 4 3 8 3 3 3 3 12 7 3 3 3 4 3 3 3 3 3 3 3 3 3 3 3 3 3 3 6 4 3
5 9 5 3 3 4 4 13 13 3 4 8 3 3 3 4 3 3 3 3 3 3 3 3 3 3 3 3 3 3 4 8 3
5 9 5 3 3 4 4 13 13 3 4 13 3 3 3 3 3 3 3 3 3 3 3 3 3 3 3 3 3 3 4 9 3
5 3 3 4 4 5 17 3 3 11 3 6 3 3 3 16 3 3 3 3 3 3 3 3 3 3 3 3 3 3 5 4 3
5 3 3 4 4 5 17 3 3 11 3 6 3 3 3 7 3 3 3 3 3 3 3 3 3 3 3 3 3 3 4 10 3
5 13 3 3 4 7 8 3 7 3 4 4 3 3 7 14 3 3 3 3 3 3 3 3 3 3 3 3 3 3 5 6 3
5 13 3 5 5 3 15 11 7 4 5 7 3 3 3 3 3 3 3 3 3 3 3 3 3 3 3 3 3 3 9 17 3
5 13 3 6 10 15 3 3 18 17 17 16 15 13 18 17 3 3 3 3 3 3 3 3 3 3 3 3 3 3 4 10 3
5 3 3 4 3 9 10 15 4 12 12 11 3 5 3 5 3 3 3 3 3 3 3 3 3 3 3 3 3 4 11 8 3
5 3 3 4 3 8 3 3 3 3 12 7 3 3 3 4 3 3 3 3 3 3 3 3 3 3 3 3 3 3 4 10 3
5 13 3 3 4 7 8 3 7 3 4 4 3 3 7 5 3 3 3 3 3 3 3 3 3 3 3 3 3 3 4 8 3
5 3 3 4 3 9 3 3 3 4 15 3 17 3 3 4 3 3 3 3 3 3 3 3 3 3 6 8 3 3 3 11 3
5 13 3 3 4 7 8 3 7 3 4 4 3 3 7 8 3 3 3 3 3 3 3 3 3 3 3 3 3 3 5 5 6
5 13 3 3 4 7 8 3 7 3 4 4 3 3 7 14 3 3 3 3 3 3 3 3 3 3 3 3 3 3 4 10 3
5 13 3 5 3 8 9 11 3 3 3 3 3 3 3 5 3 3 3 3 3 3 3 3 3 3 3 3 3 3 8 6 3
5 3 3 4 7 4 16 3 3 6 3 4 3 3 3 4 3 3 3 3 3 3 3 3 3 3 3 3 3 3 5 5 6
5 3 3 4 3 9 10 15 4 3 4 3 3 3 3 8 3 3 3 3 3 3 3 3 3 3 3 3 3 3 8 6 3
5 9 5 3 3 4 4 13 13 3 4 13 3 3 3 3 3 3 3 3 3 3 3 3 3 3 3 3 3 3 4 9 17
5 9 3 3 5 3 3 3 4 3 3 3 3 3 3 3 3 3 3 3 3 3 3 3 3 3 3 3 3 3 7 12 3
5 13 3 3 4 7 8 3 7 3 4 8 3 3 3 15 3 3 3 3 3 3 3 3 3 3 3 3 3 3 5 6 3
5 13 3 3 4 7 8 3 7 3 4 4 3 3 7 4 3 3 3 3 3 3 3 3 3 3 3 3 3 3 4 9 17
5 13 3 3 4 7 8 3 7 3 4 4 3 3 7 9 3 3 3 3 3 3 3 3 3 3 3 3 3 3 5 6 3
5 9 4 3 3 3 13 4 4 3 10 7 3 3 3 3 3 3 3 3 3 3 3 3 3 3 3 3 3 3 5 8 3
5 9 4 3 3 3 13 4 4 3 4 3 3 3 3 3 3 3 3 3 3 3 3 3 3 3 3 3 3 3 5 4 3
5 9 5 3 3 3 10 7 3 3 6 16 3 4 3 3 3 3 3 3 3 3 3 3 3 3 3 3 3 5 5 6 3
5 3 3 4 3 16 13 11 17 3 3 9 3 3 3 3 3 3 3 3 3 3 3 3 3 3 4 12 3 3 3 6 8
5 9 5 3 3 4 4 13 13 3 4 8 3 3 3 5 3 3 3 3 3 3 3 3 3 3 3 3 3 3 5 4 10
5 13 3 5 5 4 7 12 3 3 3 8 3 3 3 3 3 3 3 3 3 3 3 3 3 3 3 3 3 3 5 6 3
5 13 3 3 4 7 8 3 7 3 4 4 3 3 7 10 3 3 3 3 3 3 3 3 3 3 3 3 3 3 5 4 3
5 13 3 3 4 7 8 3 7 3 4 4 3 3 7 16 3 3 3 3 3 3 3 3 3 3 3 3 3 3 5 6 3
5 3 3 4 3 8 3 3 3 3 12 7 3 3 3 4 3 3 3 3 3 3 3 3 3 3 3 3 3 3 4 9 17
5 3 3 4 4 5 17 3 3 11 3 6 3 3 3 7 3 3 3 3 3 3 3 3 3 3 3 3 3 3 4 8 3
5 3 3 4 3 9 10 15 4 3 4 3 3 3 4 6 3 3 3 3 3 3 3 3 3 3 3 3 3 3 8 6 3
5 13 3 4 11 11 7 3 3 3 13 3 3 3 3 3 3 3 3 3 3 3 3 3 3 3 3 3 3 3 4 10 3
5 3 3 4 3 16 15 16 3 3 5 4 3 3 3 3 3 3 3 3 3 3 3 3 3 3 3 3 3 3 4 12 3
5 13 3 3 4 7 8 3 7 3 4 4 3 3 7 12 3 3 3 3 3 3 3 3 3 3 3 3 3 3 5 5 6
5 13 3 3 4 7 8 3 7 3 4 4 3 3 7 6 3 3 3 3 3 3 3 3 3 3 3 3 3 3 4 9 17
17 4 9 5 3 3 4 7 8 3 3 3 4 3 3 3 3 3 3 3 3 3 3 3 3 3 3 4 8 3 3 3 5
5 3 3 4 5 3 6 3 3 3 3 3 3 3 6 8 3 3 3 3 3 3 3 3 3 3 3 3 3 3 4 10 3
5 3 3 4 3 5 8 3 15 3 3 9 3 3 3 3 3 3 3 3 3 3 3 3 3 3 3 3 3 3 6 8 3
5 9 5 3 3 4 4 13 13 3 4 8 3 3 3 5 3 3 3 3 3 3 3 3 3 3 3 3 3 3 5 4 3
5 13 3 3 4 7 8 3 7 3 4 5 3 3 3 3 3 3 3 3 3 3 3 3 3 3 3 3 3 3 5 5 6
5 13 3 3 4 7 8 3 7 3 4 4 3 3 7 7 3 3 3 3 3 3 3 3 3 3 3 3 3 3 5 6 3
5 11 3 3 3 6 11 3 8 3 3 3 3 3 3 14 3 3 3 3 3 3 3 3 3 3 3 3 3 3 4 12 3
5 3 3 4 4 5 17 3 3 11 3 6 3 3 3 16 3 3 3 3 3 3 3 3 3 3 3 3 3 3 4 8 3
5 9 5 3 3 3 10 7 3 3 4 6 3 3 3 3 3 3 3 3 3 3 3 3 3 3 3 3 3 3 4 9 17
5 13 3 3 4 7 8 3 7 3 4 4 3 3 7 14 3 3 3 3 3 3 3 3 3 3 3 3 3 3 4 8 3
5 13 3 3 4 7 8 3 7 3 4 4 3 3 7 8 3 3 3 3 3 3 3 3 3 3 3 3 3 3 4 9 17
5 7 3 7 17 11 3 3 3 4 3 6 3 3 3 3 3 3 3 3 3 3 3 3 3 3 3 3 3 3 5 8 3
5 13 3 3 4 7 8 3 7 3 4 4 3 3 6 17 3 3 3 3 3 3 3 3 3 3 3 3 3 3 5 5 6
5 13 3 3 4 7 8 3 7 3 4 8 3 3 3 10 3 3 3 3 3 3 3 3 3 3 3 3 3 3 5 5 3
5 9 5 3 3 4 4 13 13 3 4 8 3 3 3 5 3 3 3 3 3 3 3 3 3 3 3 3 3 3 5 4 3
5 9 5 3 3 4 4 13 13 3 4 16 3 3 3 4 3 3 3 3 3 3 3 3 3 3 3 3 3 3 5 6 3
5 13 3 3 4 7 8 3 7 3 4 4 3 3 7 13 3 3 3 3 3 3 3 3 3 3 3 3 3 3 5 4 3
5 3 3 4 7 8 14 4 3 3 3 3 3 3 3 8 3 3 3 3 3 3 3 3 3 3 3 3 3 3 5 8 6
5 3 3 4 7 4 16 3 3 6 3 4 3 3 3 3 3 3 3 3 3 3 3 3 3 3 3 3 3 3 5 6 3
5 13 3 3 4 7 8 3 7 3 4 4 3 3 7 9 3 3 3 3 3 3 3 3 3 3 3 3 3 3 4 10 3
5 13 3 5 5 3 15 11 7 4 5 7 3 3 3 3 3 3 3 3 3 3 3 3 3 3 3 3 3 3 9 17 3
5 9 5 3 3 4 4 13 13 3 4 16 3 3 3 3 3 3 3 3 3 3 3 3 3 3 3 3 3 3 4 10 3
5 13 3 3 4 7 8 3 7 3 4 8 3 3 3 18 3 3 3 3 3 3 3 3 3 3 3 3 3 3 4 10 3
5 3 3 4 4 5 17 3 3 11 3 6 3 3 3 7 3 3 3 3 3 3 3 3 3 3 3 3 3 3 5 4 3
5 9 5 3 3 4 4 13 13 3 4 12 3 3 3 4 3 3 3 3 3 3 3 3 3 3 3 3 3 3 5 4 3
5 13 3 3 4 7 8 3 7 3 4 4 3 3 6 17 3 3 3 3 3 3 3 3 3 3 3 3 3 3 5 4 3
5 13 3 3 4 7 8 3 7 3 4 8 3 3 4 3 3 3 3 3 3 3 3 3 3 3 3 3 3 3 4 10 3
5 9 3 3 4 7 3 4 3 3 3 5 3 3 3 3 3 3 3 3 3 3 3 3 3 3 3 3 3 3 5 6 3
5 9 3 10 18 11 14 3 7 3 3 4 3 15 3 3 3 3 3 3 3 3 3 3 3 3 3 3 3 3 8 6 3
5 13 3 3 4 7 8 3 7 3 4 8 3 3 3 16 3 3 3 3 3 3 3 3 3 3 3 3 3 3 5 4 3
5 13 3 3 4 7 8 3 7 3 4 4 3 3 7 9 3 3 3 3 3 3 3 3 3 3 3 3 3 3 4 8 3
5 3 3 4 4 6 15 10 10 3 4 3 3 3 3 3 3 3 3 3 3 3 3 3 3 3 3 3 3 3 8 6 3
5 7 3 7 9 11 3 3 7 3 3 11 3 15 3 10 3 3 3 3 3 3 3 3 3 3 3 3 3 3 11 3 3
5 13 3 6 17 8 4 7 3 3 3 3 4 3 3 3 3 3 3 3 3 3 3 3 3 3 3 3 3 3 3 4 12
5 7 3 7 9 11 3 3 7 3 3 11 3 15 3 10 3 3 3 3 3 3 3 3 3 3 3 3 3 3 8 6 3
5 13 3 3 13 14 3 3 3 11 3 5 3 3 3 3 3 3 3 3 3 3 3 3 3 3 3 3 3 3 8 6 3
5 13 3 3 4 7 8 3 7 3 4 8 3 3 4 3 3 3 3 3 3 3 3 3 3 3 3 3 3 3 4 9 3
5 13 3 3 4 7 8 3 7 3 4 4 3 3 7 14 3 3 3 3 3 3 3 3 3 3 3 3 3 3 4 12 3
5 3 3 4 4 5 17 3 3 11 3 6 3 3 3 7 3 3 3 3 3 3 3 3 3 3 3 3 3 3 4 10 3
5 13 3 3 4 7 8 3 7 3 4 8 3 3 3 15 3 3 3 3 3 3 3 3 3 3 3 3 3 3 4 8 3
5 13 3 3 4 7 8 3 7 3 4 4 3 3 7 13 3 3 3 3 3 3 3 3 3 3 3 3 3 3 4 12 3
5 3 3 4 3 8 3 3 3 3 12 7 3 3 3 4 3 3 3 3 3 3 3 3 3 3 3 3 3 3 4 9 17
5 9 3 3 3 6 11 10 3 3 3 9 3 12 3 7 3 3 3 3 3 3 3 3 3 3 3 3 3 3 4 10 3
5 3 3 4 3 7 4 11 3 6 18 18 3 3 3 3 3 3 3 3 3 3 3 3 3 3 3 3 3 3 8 6 3
5 13 3 3 4 7 8 3 7 3 4 4 3 3 6 15 3 3 3 3 3 3 3 3 3 3 3 3 3 3 5 4 3
5 7 3 7 9 11 3 3 7 3 3 11 3 15 3 10 3 3 3 3 3 3 3 3 3 3 3 3 3 3 11 3 3
5 13 3 4 3 9 3 11 18 18 18 18 11 12 12 12 3 3 3 3 3 3 3 3 3 3 3 3 3 3 4 10 3
5 9 3 3 3 6 11 10 3 3 3 14 3 12 3 7 3 3 3 3 3 3 3 3 3 3 3 3 3 3 6 4 3
5 3 3 4 7 4 16 3 3 3 3 5 13 14 14 5 3 3 3 3 3 3 3 3 3 3 3 3 3 3 5 5 3
5 3 3 4 4 5 17 3 3 11 3 6 3 3 3 16 3 3 3 3 3 3 3 3 3 3 3 3 3 3 4 8 3
5 13 3 3 4 7 8 3 7 3 4 8 3 3 3 17 3 3 3 3 3 3 3 3 3 3 3 3 3 3 5 5 6
5 13 3 3 4 7 8 3 7 3 4 4 3 3 7 6 3 3 3 3 3 3 3 3 3 3 3 3 3 3 5 6 3
5 9 5 3 3 4 4 13 13 3 4 8 3 3 3 3 3 3 3 3 3 3 3 3 3 3 3 3 3 3 4 8 3
5 13 3 3 4 7 8 3 7 3 4 4 3 3 7 7 3 3 3 3 3 3 3 3 3 3 3 3 3 3 4 12 3
5 9 5 3 3 4 4 13 13 3 3 17 3 3 3 4 3 3 3 3 3 3 3 3 3 3 3 3 3 3 4 8 3
5 13 3 3 4 7 8 3 7 3 4 4 3 3 7 8 3 3 3 3 3 3 3 3 3 3 3 3 3 3 5 5 6
5 9 5 3 3 4 4 13 13 3 4 8 3 3 3 5 3 3 3 3 3 3 3 3 3 3 3 3 3 3 4 10 3
5 9 3 10 18 3 16 3 6 11 3 5 3 3 11 7 3 3 3 3 3 3 3 3 3 3 3 3 3 3 8 6 3
5 13 3 3 12 16 5 3 3 3 8 6 3 3 3 3 3 3 3 3 3 3 3 3 3 3 3 3 3 3 8 6 3
5 9 3 3 3 6 11 10 3 3 3 14 3 12 3 7 3 3 3 3 3 3 3 3 3 3 3 3 3 3 6 8 3
5 3 3 4 3 11 8 3 6 4 4 3 3 6 3 7 3 3 3 3 3 3 3 3 3 3 3 3 3 3 4 10 3
5 13 3 5 15 14 18 7 3 4 3 3 3 8 3 3 3 3 3 3 3 3 3 3 3 3 3 3 3 3 4 9 17
5 9 5 3 3 4 4 13 13 3 4 8 3 3 3 5 3 3 3 3 3 3 3 3 3 3 3 3 3 3 4 8 3
5 3 3 4 3 5 7 3 3 3 3 3 3 3 3 3 3 3 3 3 3 3 3 3 3 3 3 3 3 3 8 6 3
5 13 3 3 4 7 8 3 7 3 4 3 3 15 3 8 3 3 3 3 3 3 3 3 3 3 3 3 3 3 8 6 3
5 7 3 8 6 3 3 3 3 3 3 6 3 3 3 9 3 3 3 3 3 3 3 3 3 3 3 3 3 3 4 8 3
5 9 5 3 3 4 4 13 13 3 4 6 3 3 3 4 3 3 3 3 3 3 3 3 3 3 3 3 3 3 5 6 3
5 13 3 4 3 6 18 4 6 3 6 5 3 3 3 3 3 3 3 3 3 3 3 3 3 3 3 3 3 3 8 6 3
5 13 3 3 4 7 8 3 7 3 4 8 3 3 3 10 3 3 3 3 3 3 3 3 3 3 3 3 3 3 4 9 17
5 13 3 3 4 7 8 3 7 3 4 5 3 3 3 3 3 3 3 3 3 3 3 3 3 3 3 3 3 3 4 9 17
5 13 3 3 4 7 8 3 7 3 4 4 3 3 7 15 3 3 3 3 3 3 3 3 3 3 3 3 3 3 4 12 3
5 13 3 6 17 8 11 4 3 3 3 13 3 3 3 3 3 3 3 3 3 3 3 3 3 3 3 3 3 4 5 6 3
5 13 3 3 4 7 8 3 7 3 4 4 3 3 6 18 3 3 3 3 3 3 3 3 3 3 3 3 3 3 5 4 3
5 3 3 4 3 16 13 11 3 5 3 11 3 3 4 3 3 3 3 3 3 3 3 3 3 3 3 3 3 3 4 12 3
5 13 3 3 4 7 8 3 7 3 4 5 3 3 3 3 3 3 3 3 3 3 3 3 3 3 3 3 3 3 5 6 3
5 13 3 3 4 7 8 3 7 3 4 4 3 3 7 8 3 3 3 3 3 3 3 3 3 3 3 3 3 3 5 6 3
5 9 5 3 3 3 10 7 3 3 6 18 3 4 3 3 3 3 3 3 3 3 3 3 3 3 3 3 3 5 5 6 3
5 13 3 3 5 6 13 3 3 4 17 8 3 3 3 5 3 3 3 3 3 3 3 3 3 3 3 3 3 3 4 9 17
5 3 3 4 4 5 17 3 3 11 3 6 3 3 3 8 3 3 3 3 3 3 3 3 3 3 3 3 3 3 5 5 6
5 13 3 3 4 7 8 3 7 3 4 5 3 3 3 6 3 3 3 3 3 3 3 3 3 3 3 3 3 3 5 6 3
5 13 3 3 4 7 8 3 7 3 4 4 3 3 7 6 3 3 3 3 3 3 3 3 3 3 3 3 3 3 5 4 3
5 13 3 5 18 3 11 3 3 3 3 3 3 3 3 3 3 3 3 3 3 3 3 3 3 3 3 3 3 5 5 3 3
5 9 5 3 3 4 4 13 13 3 4 6 3 3 3 3 3 3 3 3 3 3 3 3 3 3 3 3 3 3 5 6 3
5 13 3 3 5 6 13 3 3 4 18 8 3 3 3 3 3 3 3 3 3 3 3 3 3 3 3 3 3 3 4 10 3
5 13 3 3 4 7 8 3 7 3 4 4 3 3 7 12 3 3 3 3 3 3 3 3 3 3 3 3 3 3 4 9 17
5 9 5 3 3 4 4 13 13 3 4 12 3 3 3 4 3 3 3 3 3 3 3 3 3 3 3 3 3 3 5 4 3
5 9 3 10 18 17 14 11 3 3 3 3 3 3 3 3 3 3 3 3 3 3 3 3 3 3 3 15 3 3 5 8 6
5 3 3 4 4 9 7 3 3 3 3 6 3 3 3 3 3 3 3 3 3 3 3 3 3 3 3 3 3 3 8 6 3
5 13 3 3 4 7 8 3 7 3 4 4 3 3 6 16 3 3 3 3 3 3 3 3 3 3 3 3 3 3 4 10 3
5 9 3 3 3 6 11 10 3 3 3 13 3 12 3 7 3 3 3 3 3 3 3 3 3 3 3 3 3 3 6 8 3
5 13 3 3 5 6 13 3 3 4 18 8 3 3 3 4 3 3 3 3 3 3 3 3 3 3 3 3 3 3 4 8 3
5 13 3 3 4 7 8 3 7 3 4 4 3 3 7 12 3 3 3 3 3 3 3 3 3 3 3 3 3 3 4 10 3
5 13 3 5 3 8 9 11 3 3 3 3 3 3 3 5 3 3 3 3 3 3 3 3 3 3 3 3 3 3 8 6 3
5 9 5 3 3 4 4 13 13 3 4 12 3 3 3 3 3 3 3 3 3 3 3 3 3 3 3 3 3 3 4 10 3
5 13 3 3 4 7 8 3 7 3 4 4 3 3 6 18 3 3 3 3 3 3 3 3 3 3 3 3 3 3 5 6 3
5 3 3 4 3 10 14 11 3 3 3 6 3 3 5 15 3 3 3 3 3 3 3 3 3 3 3 3 3 4 4 3 3
5 9 5 3 3 4 4 13 13 3 4 16 3 3 3 3 3 3 3 3 3 3 3 3 3 3 3 3 3 3 5 5 6
5 9 5 3 3 3 10 7 3 3 6 18 3 4 3 3 3 3 3 3 3 3 3 3 3 3 3 3 3 5 5 6 3
5 13 3 3 4 7 8 3 7 3 4 8 3 3 3 18 3 3 3 3 3 3 3 3 3 3 3 3 3 3 5 6 3
5 13 3 3 4 7 8 3 7 3 4 4 3 3 6 18 3 3 3 3 3 3 3 3 3 3 3 3 3 3 4 8 3
5 13 3 3 4 7 8 3 7 3 4 8 3 3 3 15 3 3 3 3 3 3 3 3 3 3 3 3 3 3 5 4 3
5 13 3 3 4 7 8 3 7 3 4 4 3 3 7 4 3 3 3 3 3 3 3 3 3 3 3 3 3 3 4 12 3
5 13 3 3 4 7 8 3 7 3 4 8 3 3 3 15 3 3 3 3 3 3 3 3 3 3 3 3 3 3 4 12 3
5 3 3 4 3 13 9 3 12 3 4 17 3 3 3 3 3 3 3 3 3 3 3 3 3 3 3 3 3 3 5 5 6
5 13 3 3 13 5 3 3 3 3 3 3 3 3 8 3 3 3 3 3 3 3 3 3 3 3 3 3 3 3 8 6 3
5 13 3 3 4 7 8 3 7 3 4 4 3 3 7 3 3 3 3 3 3 3 3 3 3 3 3 3 3 3 5 5 3
5 13 3 3 4 7 8 3 7 3 4 5 3 3 3 4 3 3 3 3 3 3 3 3 3 3 3 3 3 3 4 8 3
5 9 4 3 3 3 13 4 4 3 10 7 3 3 3 3 3 3 3 3 3 3 3 3 3 3 3 3 3 3 5 8 6
5 3 3 4 7 4 16 3 3 6 3 4 3 3 3 3 3 3 3 3 3 3 3 3 3 3 3 3 3 3 5 4 3
5 13 3 3 4 7 8 3 7 3 4 3 3 15 3 13 3 3 3 3 3 3 3 3 3 3 3 3 3 3 9 17 3
5 3 3 4 3 7 10 3 4 18 4 8 3 15 9 7 3 3 3 3 3 3 3 3 3 3 3 3 3 3 8 6 3
5 11 3 3 3 6 11 3 8 3 3 3 3 3 3 13 3 3 3 3 3 3 3 3 3 3 3 3 3 3 4 10 7
5 11 3 3 3 6 11 3 8 3 3 3 3 3 3 11 3 3 3 3 3 3 3 3 3 3 3 3 3 3 4 10 3
5 9 5 3 3 4 4 13 13 3 4 12 3 3 3 4 3 3 3 3 3 3 3 3 3 3 3 3 3 3 4 8 3
5 9 3 3 3 6 11 10 3 3 3 14 3 12 3 7 3 3 3 3 3 3 3 3 3 3 3 3 3 3 8 3 3
5 13 3 3 4 7 8 3 7 3 4 5 3 3 3 6 3 3 3 3 3 3 3 3 3 3 3 3 3 3 5 5 6
5 3 3 4 3 7 18 11 3 3 3 3 3 3 3 5 3 3 3 3 3 3 3 3 3 3 3 3 3 3 4 12 3
5 13 3 6 9 3 3 3 4 3 3 5 4 3 3 5 3 3 3 3 3 3 3 3 3 3 3 3 3 3 8 6 3
5 13 3 7 7 17 7 5 3 3 6 9 3 3 3 3 3 3 3 3 3 3 3 3 3 3 3 3 3 5 5 6 3
5 9 3 3 3 6 11 10 3 3 3 9 3 12 11 7 3 3 3 3 3 3 3 3 3 3 3 3 3 3 4 8 3
5 13 3 3 12 16 5 3 8 6 8 6 3 3 3 3 3 3 3 3 3 3 3 3 3 3 3 3 3 3 8 6 3
5 9 5 3 3 4 4 13 13 3 3 17 3 3 3 4 3 3 3 3 3 3 3 3 3 3 3 3 3 3 4 8 3
5 13 3 3 4 7 8 3 7 3 4 4 3 3 6 18 3 3 3 3 3 3 3 3 3 3 3 3 3 3 5 6 3
5 3 3 4 5 3 6 3 3 3 3 3 3 3 6 8 3 3 3 3 3 3 3 3 3 3 3 3 3 3 5 4 3
5 13 3 3 4 7 8 3 7 3 4 4 3 3 7 17 3 3 3 3 3 3 3 3 3 3 3 3 3 3 4 10 3
5 9 5 3 3 4 4 13 13 3 3 17 3 3 3 4 3 3 3 3 3 3 3 3 3 3 3 3 3 3 4 9 3
5 13 3 3 4 7 8 3 7 3 4 4 3 3 7 17 3 3 3 3 3 3 3 3 3 3 3 3 3 3 5 5 6
5 11 3 3 3 6 11 3 8 3 3 3 3 3 3 13 3 3 3 3 3 3 3 3 3 3 3 3 3 3 4 10 3
5 13 3 3 4 7 8 3 7 3 4 4 3 3 7 12 3 3 3 3 3 3 3 3 3 3 3 3 3 3 5 4 3
5 3 3 4 3 9 10 15 5 8 7 15 3 6 3 3 3 3 3 3 3 3 3 3 3 3 3 3 3 3 8 6 3
5 13 3 3 4 7 8 3 7 3 4 4 3 3 6 15 3 3 3 3 3 3 3 3 3 3 3 3 3 3 4 10 3
5 13 3 3 4 7 8 3 7 3 4 4 3 3 7 12 3 3 3 3 3 3 3 3 3 3 3 3 3 3 5 6 3
5 3 3 4 3 10 18 17 3 3 3 3 3 3 3 3 3 3 3 3 3 3 3 3 3 3 3 3 3 3 8 6 3
5 13 3 3 4 7 8 3 7 3 4 8 3 3 3 9 3 3 3 3 3 3 3 3 3 3 3 3 3 3 4 8 3
5 3 3 4 4 5 17 3 3 11 3 6 3 3 3 8 3 3 3 3 3 3 3 3 3 3 3 3 3 3 4 8 3
5 3 3 4 5 3 6 3 3 3 3 3 3 3 6 8 3 3 3 3 3 3 3 3 3 3 3 3 3 3 5 4 3
5 3 3 4 4 5 17 3 3 11 3 6 3 3 3 14 3 3 3 3 3 3 3 3 3 3 3 3 3 3 5 4 3
5 3 3 4 4 5 17 3 3 11 3 6 3 3 3 14 3 3 3 3 3 3 3 3 3 3 3 3 3 3 4 12 3
5 9 5 3 3 4 4 13 13 3 5 10 3 3 3 3 3 3 3 3 3 3 3 3 3 3 3 3 3 3 4 10 3
5 3 3 4 3 16 16 16 3 3 3 3 3 3 3 3 3 3 3 3 3 3 3 3 3 3 3 3 3 3 8 6 3
5 13 3 3 5 6 13 3 3 4 17 8 3 3 3 4 3 3 3 3 3 3 3 3 3 3 3 3 3 3 4 10 3
5 13 3 3 4 7 8 3 7 3 4 4 3 3 7 11 3 3 3 3 3 3 3 3 3 3 3 3 3 3 5 5 6
5 3 3 4 7 4 16 3 3 3 3 5 13 12 8 4 3 3 3 3 3 3 3 3 3 3 3 3 3 3 4 9 17
5 9 3 8 9 5 11 3 3 3 3 4 3 3 7 4 3 3 3 3 3 3 3 3 3 3 3 3 3 3 5 5 3
5 3 3 4 3 8 3 3 3 3 12 3 3 3 3 4 3 3 3 3 3 3 3 3 3 3 3 3 3 3 5 6 3
5 13 3 3 4 7 8 3 7 3 4 4 3 3 7 12 3 3 3 3 3 3 3 3 3 3 3 3 3 3 4 10 3
5 9 3 3 3 6 11 10 3 3 3 14 3 12 3 7 3 3 3 3 3 3 3 3 3 3 3 3 3 3 6 8 3
5 3 3 4 3 9 10 11 3 3 3 17 3 4 3 7 3 3 3 3 3 3 3 3 3 3 3 3 3 3 8 6 3
5 9 5 3 3 4 4 13 13 3 3 17 3 3 3 4 3 3 3 3 3 3 3 3 3 3 3 3 3 3 4 12 3
5 3 3 4 3 9 10 11 3 3 3 17 3 4 3 7 3 3 3 3 3 3 3 3 3 3 3 3 3 3 8 6 3
5 3 3 4 3 8 3 3 3 3 12 7 3 3 3 4 3 3 3 3 3 3 3 3 3 3 3 3 3 3 4 8 3
5 13 3 3 4 7 8 3 7 3 4 4 3 3 7 4 3 3 3 3 3 3 3 3 3 3 3 3 3 3 4 12 3
5 13 3 3 4 7 8 3 7 3 4 4 3 3 7 12 3 3 3 3 3 3 3 3 3 3 3 3 3 3 4 12 3
5 13 3 3 5 6 13 3 3 4 18 8 3 3 3 5 3 3 3 3 3 3 3 3 3 3 3 3 3 3 4 10 3
5 9 5 3 3 4 4 13 13 3 4 16 3 3 3 4 3 3 3 3 3 3 3 3 3 3 3 3 3 3 5 5 6
5 3 3 4 7 4 16 3 3 3 9 10 16 13 3 3 3 3 3 3 3 3 3 3 3 3 3 3 3 3 4 10 3
5 9 5 3 3 4 4 13 13 3 4 16 3 3 3 3 3 3 3 3 3 3 3 3 3 3 3 3 3 3 4 12 3
5 13 3 3 4 7 8 3 7 3 4 4 3 3 7 13 3 3 3 3 3 3 3 3 3 3 3 3 3 3 4 8 3
5 13 3 14 3 17 7 3 3 3 3 4 3 3 3 3 3 3 3 3 3 3 3 3 3 3 3 3 3 3 5 4 3
5 13 3 3 4 7 8 3 7 3 4 8 3 3 3 9 3 3 3 3 3 3 3 3 3 3 3 3 3 3 5 5 6
5 3 3 4 14 3 6 3 5 7 5 5 3 3 3 3 3 3 3 3 3 3 3 3 3 3 3 3 3 3 10 14 3
5 13 3 3 4 7 8 3 7 3 4 4 3 3 7 10 3 3 3 3 3 3 3 3 3 3 3 3 3 3 4 10 3
5 13 3 3 4 7 8 3 7 3 4 4 3 3 7 15 3 3 3 3 3 3 3 3 3 3 3 3 3 3 5 4 3
5 13 3 3 4 7 8 3 7 3 4 4 3 3 7 16 3 3 3 3 3 3 3 3 3 3 3 3 3 3 4 9 3
5 9 5 3 3 3 10 7 3 3 4 6 3 3 3 3 3 3 3 3 3 3 3 3 3 3 3 3 3 3 5 4 3
5 13 3 3 4 7 8 3 7 3 4 4 3 3 7 11 3 3 3 3 3 3 3 3 3 3 3 3 3 3 5 4 3
5 9 5 3 3 4 4 13 13 3 4 6 3 3 3 4 3 3 3 3 3 3 3 3 3 3 3 3 3 3 5 5 6
5 3 3 4 4 5 17 3 3 11 3 6 3 3 3 16 3 3 3 3 3 3 3 3 3 3 3 3 3 3 5 4 3
5 9 5 3 3 4 4 13 13 3 5 13 3 3 3 4 3 3 3 3 3 3 3 3 3 3 3 3 3 3 5 6 3
5 3 3 4 3 9 10 11 3 3 10 7 3 3 3 3 3 3 3 3 3 3 3 3 3 3 3 3 3 3 8 6 3
5 3 3 4 4 5 17 3 3 11 3 6 3 3 3 14 3 3 3 3 3 3 3 3 3 3 3 3 3 3 4 12 3
5 13 3 3 4 7 8 3 7 3 4 3 3 15 3 14 3 3 3 3 3 3 3 3 3 3 3 3 3 3 9 17 3
5 3 3 4 4 5 17 3 3 11 3 6 3 3 3 16 3 3 3 3 3 3 3 3 3 3 3 3 3 3 5 4 3
5 9 3 3 3 6 11 10 3 3 3 14 3 12 3 7 3 3 3 3 3 3 3 3 3 3 3 3 3 3 4 12 3
5 3 3 4 3 5 15 3 15 18 3 11 7 11 3 3 3 3 3 3 3 3 3 3 3 3 3 3 3 4 5 6 3
5 3 3 4 5 3 6 3 3 3 3 3 3 3 6 8 3 3 3 3 3 3 3 3 3 3 3 3 3 3 4 10 3
5 7 3 6 12 7 3 3 3 3 3 5 3 3 3 5 3 3 3 3 3 3 3 3 3 3 3 3 3 3 5 5 6
5 9 5 3 3 4 4 13 13 3 3 17 3 3 3 5 3 3 3 3 3 3 3 3 3 3 3 3 3 3 5 6 3
5 13 3 5 3 11 12 11 3 3 8 8 13 13 14 14 3 3 3 3 3 3 3 3 3 3 15 7 3 3 8 6 8
5 9 5 3 3 4 4 13 13 3 4 16 3 3 3 4 3 3 3 3 3 3 3 3 3 3 3 3 3 3 5 4 3
5 7 3 7 13 11 3 3 3 3 3 9 3 3 3 9 3 3 3 3 3 3 3 3 3 3 3 3 3 3 4 12 3
5 3 3 4 11 3 3 3 3 4 3 3 3 3 3 3 3 3 3 3 3 3 3 3 3 3 7 3 3 4 5 6 3
5 13 3 3 4 7 8 3 7 3 4 4 3 3 7 13 3 3 3 3 3 3 3 3 3 3 3 3 3 3 5 5 6
5 13 3 3 3 18 15 3 3 3 4 4 13 3 3 3 3 3 3 3 3 3 3 3 3 3 3 3 3 3 4 9 3
5 13 3 3 4 7 8 3 7 3 4 4 3 3 7 4 3 3 3 3 3 3 3 3 3 3 3 3 3 3 4 12 3
5 13 3 3 5 6 13 3 3 4 18 8 3 3 3 4 3 3 3 3 3 3 3 3 3 3 3 3 3 3 4 9 17
5 13 3 3 4 7 8 3 7 3 4 4 3 3 7 5 3 3 3 3 3 3 3 3 3 3 3 3 3 3 4 12 3
5 13 3 3 4 7 8 3 7 3 4 4 3 3 7 8 3 3 3 3 3 3 3 3 3 3 3 3 3 3 4 8 3
5 3 3 4 3 7 4 11 3 6 18 18 3 3 3 3 3 3 3 3 3 3 3 3 3 3 3 4 3 3 8 6 3
5 13 3 3 4 7 8 3 7 3 4 4 3 3 7 7 3 3 3 3 3 3 3 3 3 3 3 3 3 3 5 6 3
5 3 3 4 4 5 17 3 3 11 3 6 3 3 3 6 3 3 3 3 3 3 3 3 3 3 3 3 3 3 5 4 3
5 13 3 3 4 7 8 3 7 3 4 4 3 3 7 8 3 3 3 3 3 3 3 3 3 3 3 3 3 3 4 8 3
5 3 3 4 3 9 10 15 5 9 14 7 3 3 3 3 3 3 3 3 3 3 3 3 3 3 3 3 3 4 5 6 3
5 13 3 3 4 7 8 3 7 3 4 3 3 15 3 14 3 3 3 3 3 3 3 3 3 3 3 3 3 3 9 17 3
5 13 3 3 17 15 17 4 3 3 3 3 3 3 3 8 3 3 3 3 3 3 3 3 3 3 3 3 3 3 4 8 3
5 3 3 4 7 4 16 3 3 3 3 11 16 4 8 7 3 3 3 3 3 3 3 3 3 3 3 3 3 3 4 10 6
5 13 3 3 15 9 15 3 3 3 3 3 3 4 4 3 3 3 3 3 3 3 3 3 3 3 3 3 3 3 8 6 3
5 9 5 3 3 4 4 13 13 3 3 17 3 3 3 3 3 3 3 3 3 3 3 3 3 3 3 3 3 3 5 6 3
5 9 3 3 3 6 11 10 3 3 3 13 3 12 3 7 3 3 3 3 3 3 3 3 3 3 3 3 3 3 4 12 3
5 9 3 10 18 11 14 3 7 3 3 4 3 15 3 3 3 3 3 3 3 3 3 3 3 3 3 3 3 3 8 6 3
5 13 3 3 4 7 8 3 7 3 4 8 3 3 3 16 3 3 3 3 3 3 3 3 3 3 3 3 3 3 5 6 3
5 13 3 3 4 7 8 3 7 3 4 4 3 3 7 4 3 3 3 3 3 3 3 3 3 3 3 3 3 3 5 5 6
5 13 3 3 4 7 8 3 7 3 4 4 3 3 7 17 3 3 3 3 3 3 3 3 3 3 3 3 3 3 5 5 6
5 9 5 3 3 4 4 13 13 3 4 16 3 3 3 4 3 3 3 3 3 3 3 3 3 3 3 3 3 3 4 9 17
5 13 3 3 4 7 8 3 7 3 4 8 3 3 3 16 3 3 3 3 3 3 3 3 3 3 3 3 3 3 4 10 3
5 3 3 4 3 12 17 3 3 3 3 11 3 11 3 5 3 3 3 3 3 3 3 3 3 3 3 3 3 3 11 3 3
5 3 3 4 4 5 17 3 3 11 3 6 3 3 3 14 3 3 3 3 3 3 3 3 3 3 3 3 3 3 5 5 6
5 13 3 3 4 7 8 3 7 3 4 4 3 3 7 4 3 3 3 3 3 3 3 3 3 3 3 3 3 3 4 9 17
5 13 3 3 4 7 8 3 7 3 4 4 3 3 6 15 3 3 3 3 3 3 3 3 3 3 3 3 3 3 5 4 3
5 7 3 6 8 11 3 3 3 3 3 3 3 3 3 3 3 3 3 3 3 3 3 3 3 3 3 3 5 8 6 3 3
5 9 5 3 3 4 4 13 13 3 4 6 3 3 3 4 3 3 3 3 3 3 3 3 3 3 3 3 3 3 5 6 3
5 13 3 3 4 7 8 3 7 3 4 8 3 3 3 9 3 3 3 3 3 3 3 3 3 3 3 3 3 3 5 6 3
5 9 4 3 3 3 13 4 4 3 10 7 3 3 3 3 3 3 3 3 3 3 3 3 3 3 3 3 3 3 5 8 6
5 13 3 3 4 7 8 3 7 3 4 4 3 3 7 16 3 3 3 3 3 3 3 3 3 3 3 3 3 3 4 12 3
5 13 3 5 3 9 14 11 14 3 4 3 8 3 9 15 3 3 3 3 3 3 3 3 3 3 3 3 3 3 4 8 3
5 13 3 15 8 8 3 3 3 3 3 5 3 3 3 3 3 3 3 3 3 3 3 3 3 3 3 3 3 3 11 3 3
5 9 3 3 3 6 11 10 3 3 3 9 3 12 11 7 3 3 3 3 3 3 3 3 3 3 3 3 3 3 5 5 3
5 3 3 4 3 9 3 3 3 4 15 3 17 3 3 4 3 3 3 3 3 3 3 3 3 3 6 8 3 3 3 11 3
5 3 3 4 7 11 9 3 7 11 3 5 3 3 6 5 3 3 3 3 3 3 3 3 3 3 3 3 3 3 4 8 3
5 13 3 6 10 15 3 3 18 17 17 16 15 13 18 17 3 3 3 3 3 3 3 3 3 3 3 3 3 3 4 10 3
5 13 3 3 4 7 8 3 7 3 4 4 3 3 7 6 3 3 3 3 3 3 3 3 3 3 3 3 3 3 5 5 6
5 3 3 4 4 5 17 3 3 11 3 6 3 3 3 8 3 3 3 3 3 3 3 3 3 3 3 3 3 3 4 9 17
5 11 3 3 3 4 4 3 3 3 4 3 3 3 3 3 3 3 3 3 3 3 3 3 3 3 3 3 3 3 8 3 3
5 7 3 7 13 11 3 3 3 3 3 9 3 3 3 8 3 3 3 3 3 3 3 3 3 3 3 3 3 3 4 10 3
5 9 5 3 3 4 4 13 13 3 4 8 3 3 3 4 3 3 3 3 3 3 3 3 3 3 3 3 3 3 4 10 3
5 13 3 3 4 7 8 3 7 3 4 8 3 3 3 9 3 3 3 3 3 3 3 3 3 3 3 3 3 3 5 4 3
5 9 3 3 4 7 3 9 3 3 4 6 3 4 11 15 3 3 3 3 3 3 3 3 3 3 3 3 3 6 11 12 12
5 9 5 3 3 4 4 13 13 3 3 17 3 3 3 5 3 3 3 3 3 3 3 3 3 3 3 3 3 3 4 8 3
5 13 3 3 4 7 8 3 7 3 4 4 3 3 7 6 3 3 3 3 3 3 3 3 3 3 3 3 3 3 4 8 3
5 9 3 3 3 6 11 10 3 3 3 14 3 12 3 7 3 3 3 3 3 3 3 3 3 3 3 3 3 3 4 10 3
5 13 3 3 4 7 8 3 7 3 4 4 3 3 7 3 3 3 3 3 3 3 3 3 3 3 3 3 3 3 5 6 3
5 9 5 3 3 4 4 13 13 3 4 8 3 3 3 5 3 3 3 3 3 3 3 3 3 3 3 3 3 3 5 4 3
5 3 3 4 3 9 10 15 4 3 4 4 3 3 3 4 3 3 3 3 3 3 3 3 3 3 3 3 3 3 8 6 3
5 3 3 4 3 12 17 3 3 3 3 11 3 11 3 5 3 3 3 3 3 3 3 3 3 3 3 3 3 3 11 3 3
5 9 5 3 3 4 4 13 13 3 5 16 3 3 3 3 3 3 3 3 3 3 3 3 3 3 3 3 3 3 4 12 3
5 13 3 5 5 4 7 12 3 3 3 8 3 3 3 3 3 3 3 3 3 3 3 3 3 3 3 3 3 3 5 6 3
5 9 3 3 3 6 11 10 3 3 3 9 3 12 11 7 3 3 3 3 3 3 3 3 3 3 3 3 3 3 4 12 3
5 3 3 4 3 9 10 15 4 8 9 5 3 3 3 3 3 3 3 3 3 3 3 3 3 3 3 3 3 3 4 12 3
5 9 4 3 3 3 13 4 4 3 4 5 3 3 3 3 3 3 3 3 3 3 3 3 3 3 3 3 3 3 5 4 3
5 13 3 3 4 7 8 3 7 3 4 3 3 15 3 16 3 3 3 3 3 3 3 3 3 3 3 3 3 3 9 17 3
5 13 3 3 5 6 13 3 3 4 17 8 3 3 3 6 3 3 3 3 3 3 3 3 3 3 3 3 3 3 4 10 3
5 13 3 3 5 6 13 3 3 4 18 8 3 3 3 5 3 3 3 3 3 3 3 3 3 3 3 3 3 3 4 9 3
5 9 3 3 4 7 3 14 3 3 3 7 3 4 14 8 3 3 3 3 3 3 3 3 3 3 3 3 3 6 11 12 7
5 3 3 4 3 9 10 15 4 3 4 4 3 3 3 4 3 3 3 3 3 3 3 3 3 3 3 3 3 3 8 6 3
5 13 3 3 4 7 8 3 7 3 4 8 3 3 3 10 3 3 3 3 3 3 3 3 3 3 3 3 3 3 5 4 10
5 13 3 3 4 7 8 3 7 3 4 4 3 3 7 8 3 3 3 3 3 3 3 3 3 3 3 3 3 3 4 9 17
5 13 3 3 5 6 13 3 3 4 17 8 3 3 3 6 3 3 3 3 3 3 3 3 3 3 3 3 3 3 4 12 3
5 13 3 3 4 7 8 3 7 3 4 5 3 3 3 6 3 3 3 3 3 3 3 3 3 3 3 3 3 3 5 6 3
5 13 3 3 4 7 8 3 7 3 4 4 3 3 7 10 3 3 3 3 3 3 3 3 3 3 3 3 3 3 4 10 3
5 13 3 3 4 7 8 3 7 3 4 4 3 3 7 3 3 3 3 3 3 3 3 3 3 3 3 3 3 3 4 12 3
5 9 3 8 9 5 11 4 3 3 3 3 4 3 3 3 5 3 3 3 3 3 3 3 3 3 3 3 3 3 3 5 4
5 13 3 3 4 7 8 3 7 3 4 4 3 3 7 16 3 3 3 3 3 3 3 3 3 3 3 3 3 3 4 9 3
5 9 5 3 3 4 4 13 13 3 3 17 3 3 3 3 3 3 3 3 3 3 3 3 3 3 3 3 3 3 4 12 3
5 13 3 3 5 6 13 3 3 4 17 8 3 3 3 6 3 3 3 3 3 3 3 3 3 3 3 3 3 3 4 9 17
5 13 3 3 4 7 8 3 7 3 4 8 3 3 3 16 3 3 3 3 3 3 3 3 3 3 3 3 3 3 5 6 3
5 9 3 3 3 6 11 10 3 3 3 14 3 12 3 7 3 3 3 3 3 3 3 3 3 3 3 3 3 3 5 4 3
5 3 3 4 3 11 16 11 4 3 3 3 3 3 3 3 3 3 3 3 3 3 3 3 3 3 3 3 3 5 5 3 3
5 9 5 3 3 4 4 13 13 3 5 10 3 3 3 3 3 3 3 3 3 3 3 3 3 3 3 3 3 3 5 6 3
5 13 3 3 4 7 8 3 7 3 4 4 3 3 7 10 3 3 3 3 3 3 3 3 3 3 3 3 3 3 5 4 3
5 3 3 4 3 11 8 3 6 4 4 3 3 6 3 8 3 3 3 3 3 3 3 3 3 3 3 3 3 3 4 8 3
5 3 3 4 4 8 17 11 3 4 4 3 4 3 14 16 3 3 3 3 3 3 3 3 3 3 3 3 3 4 5 6 3
5 13 3 3 4 7 8 3 7 3 4 5 3 3 3 6 3 3 3 3 3 3 3 3 3 3 3 3 3 3 4 12 3
5 13 3 3 4 7 8 3 7 3 4 4 3 3 6 18 3 3 3 3 3 3 3 3 3 3 3 3 3 3 4 8 3
5 9 3 3 4 7 4 10 3 3 10 9 3 5 12 6 3 3 3 3 3 3 3 3 3 3 3 3 3 6 11 12 12
5 13 3 3 4 7 8 3 7 3 4 4 3 3 7 15 3 3 3 3 3 3 3 3 3 3 3 3 3 3 4 9 17
5 13 3 3 4 7 8 3 7 3 4 4 3 3 7 17 3 3 3 3 3 3 3 3 3 3 3 3 3 3 5 4 3
5 13 3 4 3 4 4 4 5 3 3 6 3 3 3 3 3 3 3 3 3 3 3 3 3 3 3 3 3 3 8 3 3
5 13 3 4 11 11 7 3 3 4 14 13 3 3 3 3 3 3 3 3 3 3 3 3 3 3 3 3 3 3 5 8 6
5 9 3 10 18 11 14 3 7 3 3 5 3 3 4 13 3 3 3 3 3 3 3 3 3 3 3 3 3 3 4 8 3
5 13 3 3 4 7 8 3 7 3 4 4 3 3 6 16 3 3 3 3 3 3 3 3 3 3 3 3 3 3 4 8 3
5 13 3 5 5 4 7 14 3 3 3 8 3 3 3 3 3 3 3 3 3 3 3 3 3 3 3 3 3 3 5 6 3
5 13 3 3 4 7 8 3 7 3 4 8 3 3 3 18 3 3 3 3 3 3 3 3 3 3 3 3 3 3 5 6 3
5 3 3 4 3 10 14 11 3 3 3 6 3 3 5 15 3 3 3 3 3 3 3 3 3 3 3 3 3 3 8 6 3
5 3 3 4 3 11 8 3 6 4 4 3 3 6 3 8 3 3 3 3 3 3 3 3 3 3 3 3 3 3 4 10 3
5 13 3 3 4 7 8 3 7 3 4 8 3 3 3 15 3 3 3 3 3 3 3 3 3 3 3 3 3 3 5 4 3
5 3 3 4 3 9 10 15 4 3 4 3 3 3 3 4 3 3 3 3 3 3 3 3 3 3 3 3 3 3 8 6 3
5 13 3 3 4 7 8 3 7 3 4 4 3 3 7 7 3 3 3 3 3 3 3 3 3 3 3 3 3 3 4 9 17
5 9 5 3 3 4 4 13 13 3 4 12 3 3 3 4 3 3 3 3 3 3 3 3 3 3 3 3 3 3 5 6 3
5 11 3 3 3 6 11 3 8 3 3 3 3 3 3 10 3 3 3 3 3 3 3 3 3 3 3 3 3 3 4 10 3
5 11 3 3 3 6 11 3 8 3 3 3 3 3 3 11 3 3 3 3 3 3 3 3 3 3 3 3 3 3 4 9 3
5 9 3 10 18 11 14 3 7 3 3 5 3 3 4 13 3 3 3 3 3 3 3 3 3 3 3 3 3 3 4 8 3
5 3 3 4 4 5 17 3 3 11 3 6 3 3 3 16 3 3 3 3 3 3 3 3 3 3 3 3 3 3 5 6 3
5 9 3 3 3 6 11 10 3 3 3 13 3 12 3 7 3 3 3 3 3 3 3 3 3 3 3 3 3 3 4 9 3
5 9 3 3 4 7 3 11 3 3 4 15 3 3 3 3 3 3 3 3 3 3 3 3 3 3 3 3 3 3 11 3 3
5 9 3 3 3 6 11 10 3 3 3 13 3 12 3 7 3 3 3 3 3 3 3 3 3 3 3 3 3 3 4 10 3
5 13 3 3 4 7 8 3 7 3 4 4 3 3 14 14 3 3 3 3 3 3 3 3 3 3 3 3 3 3 5 4 3
5 13 3 3 4 13 5 11 4 8 3 4 3 3 3 3 3 3 3 3 3 3 3 3 3 3 3 3 3 3 5 4 3
5 13 3 3 4 7 8 3 7 3 4 4 3 3 7 7 3 3 3 3 3 3 3 3 3 3 3 3 3 3 5 5 6
5 3 3 4 4 9 7 3 3 3 3 6 3 3 3 3 3 3 3 3 3 3 3 3 3 3 3 3 3 3 5 4 3
5 13 3 4 8 5 3 3 3 4 3 3 3 3 3 3 3 3 3 3 3 3 3 3 3 3 8 6 3 3 3 3 3
5 9 5 3 3 4 4 13 13 3 4 6 3 3 3 3 3 3 3 3 3 3 3 3 3 3 3 3 3 3 5 6 3
5 9 5 3 3 4 4 13 13 3 4 12 3 3 3 4 3 3 3 3 3 3 3 3 3 3 3 3 3 3 5 4 3
5 13 3 3 4 7 8 3 7 3 4 8 3 3 3 9 3 3 3 3 3 3 3 3 3 3 3 3 3 3 5 4 3
5 13 3 3 4 7 8 3 7 3 4 4 3 3 7 6 3 3 3 3 3 3 3 3 3 3 3 3 3 3 4 12 3
5 3 3 4 4 5 17 3 3 11 3 6 3 3 3 8 3 3 3 3 3 3 3 3 3 3 3 3 3 3 5 5 6
5 13 3 3 4 7 8 3 7 3 4 8 3 3 3 3 3 3 3 3 3 3 3 3 3 3 3 3 3 3 4 8 3
5 9 3 3 3 6 11 10 3 3 3 13 3 12 3 7 3 3 3 3 3 3 3 3 3 3 3 3 3 3 5 8 6
5 7 3 7 5 16 3 3 18 17 3 4 3 3 3 8 3 3 3 3 3 3 3 3 3 3 3 3 3 3 8 6 3
5 13 3 3 4 7 8 3 7 3 4 4 3 3 7 3 3 3 3 3 3 3 3 3 3 3 3 3 3 3 5 6 3
5 13 3 5 3 12 3 11 3 3 3 5 4 4 3 14 3 3 3 3 3 3 3 3 3 3 3 3 3 3 5 5 3
5 13 3 3 4 7 8 3 7 3 4 4 3 3 7 3 3 3 3 3 3 3 3 3 3 3 3 3 3 3 5 4 3
5 13 3 3 13 14 3 3 3 11 3 5 3 3 3 3 3 3 3 3 3 3 3 3 3 3 3 3 3 3 8 6 3
5 11 3 3 3 9 11 3 3 3 4 5 3 3 3 9 3 3 3 3 3 3 3 3 3 3 3 3 3 3 4 9 17
5 13 3 3 3 18 15 5 11 3 3 3 13 4 3 3 3 3 3 3 3 3 3 3 3 3 3 3 3 4 3 3 3
5 9 3 3 4 7 3 14 3 3 3 7 3 4 14 8 3 3 3 3 3 3 3 3 3 3 3 3 3 6 11 12 8
5 9 5 3 3 4 4 13 13 3 4 16 3 3 3 3 3 3 3 3 3 3 3 3 3 3 3 3 3 3 4 8 3
5 3 3 4 4 9 7 3 3 3 3 6 3 3 3 3 3 3 3 3 3 3 3 3 3 3 3 3 3 3 8 6 3
5 3 3 4 3 13 9 3 12 3 5 3 3 3 3 3 3 3 3 3 3 3 3 3 3 3 3 3 3 8 6 3 3
5 13 3 3 5 6 13 3 3 4 18 8 3 3 3 4 3 3 3 3 3 3 3 3 3 3 3 3 3 3 4 12 3
5 3 3 4 3 5 8 3 15 3 3 9 3 3 3 3 3 3 3 3 3 3 3 3 3 3 3 3 3 3 6 8 3
5 9 3 10 18 11 14 3 7 3 3 5 3 3 5 11 3 3 3 3 3 3 3 3 3 3 3 3 3 3 4 12 3
5 13 3 3 4 7 8 3 7 3 4 8 3 3 3 16 3 3 3 3 3 3 3 3 3 3 3 3 3 3 4 9 17
5 7 3 4 5 3 3 3 9 9 9 3 3 3 3 3 3 3 3 3 3 3 3 3 3 3 3 3 3 4 4 3 3
5 13 3 6 12 17 7 5 17 5 3 4 4 3 3 4 3 3 3 3 3 3 3 3 3 3 3 3 3 3 8 6 3
5 13 3 3 4 7 8 3 7 3 4 4 3 3 7 8 3 3 3 3 3 3 3 3 3 3 3 3 3 3 5 4 3
5 9 5 3 3 4 4 13 13 3 4 8 3 3 3 4 3 3 3 3 3 3 3 3 3 3 3 3 3 3 5 4 3
5 13 3 3 3 18 15 3 3 3 4 4 13 3 3 3 3 3 3 3 3 3 3 3 3 3 3 3 3 3 4 9 3
5 13 3 3 4 7 8 3 7 3 4 5 3 3 3 3 3 3 3 3 3 3 3 3 3 3 3 3 3 3 4 12 3
5 3 3 4 3 9 10 15 4 3 4 3 3 3 5 5 3 3 3 3 3 3 3 3 3 3 3 3 3 3 8 6 3
5 13 3 3 4 7 8 3 7 3 4 8 3 3 4 3 3 3 3 3 3 3 3 3 3 3 3 3 3 3 4 8 3
5 9 3 10 18 11 14 3 7 3 3 4 3 15 3 3 3 3 3 3 3 3 3 3 3 3 3 3 3 3 8 6 3
5 9 5 3 3 4 4 13 13 3 5 13 3 3 3 4 3 3 3 3 3 3 3 3 3 3 3 3 3 3 5 4 3
5 9 3 3 3 6 11 10 3 3 3 13 3 12 3 7 3 3 3 3 3 3 3 3 3 3 3 3 3 3 4 9 17
5 3 3 4 7 11 9 3 7 11 3 5 3 3 6 11 3 3 3 3 3 3 3 3 3 3 3 3 3 3 4 8 3
5 9 5 3 3 4 4 13 13 3 4 16 3 3 3 4 3 3 3 3 3 3 3 3 3 3 3 3 3 3 5 6 3
5 11 3 3 3 6 11 3 8 3 3 3 3 3 3 14 3 3 3 3 3 3 3 3 3 3 3 3 3 3 4 10 3
5 13 3 3 4 7 8 3 7 3 4 8 3 3 3 15 3 3 3 3 3 3 3 3 3 3 3 3 3 3 4 8 3
5 9 3 3 3 6 11 10 3 3 3 9 3 12 3 7 3 3 3 3 3 3 3 3 3 3 3 3 3 3 10 14 3
5 9 5 3 3 4 4 13 13 3 4 13 3 3 3 3 3 3 3 3 3 3 3 3 3 3 3 3 3 3 5 4 3
5 3 3 4 7 11 9 3 7 11 3 5 3 3 6 11 3 3 3 3 3 3 3 3 3 3 3 3 3 3 9 17 3
5 9 5 3 3 4 4 13 13 3 4 16 3 3 3 3 3 3 3 3 3 3 3 3 3 3 3 3 3 3 4 10 3
5 9 5 3 3 4 4 13 13 3 4 6 3 3 3 4 3 3 3 3 3 3 3 3 3 3 3 3 3 3 5 5 6
5 13 3 3 4 7 8 3 7 3 4 3 3 15 3 18 3 3 3 3 3 3 3 3 3 3 3 3 3 3 9 17 3
5 3 3 4 3 7 5 3 4 4 3 4 3 3 3 4 3 3 3 3 3 3 3 3 3 3 3 3 3 4 11 8 3
5 9 5 3 3 4 4 13 13 3 3 17 3 3 3 3 3 3 3 3 3 3 3 3 3 3 3 3 3 3 4 9 17
5 9 3 3 3 6 11 10 3 3 3 9 3 12 11 7 3 3 3 3 3 3 3 3 3 3 3 3 3 3 5 8 6
5 7 3 7 13 11 3 3 3 3 3 9 3 3 3 9 3 3 3 3 3 3 3 3 3 3 3 3 3 3 4 9 17
5 13 3 3 4 7 8 3 7 3 4 8 3 3 4 3 3 3 3 3 3 3 3 3 3 3 3 3 3 3 4 9 17
5 9 5 3 3 3 10 7 3 3 6 17 3 4 3 3 3 3 3 3 3 3 3 3 3 3 3 3 3 5 5 6 3
5 3 3 4 4 5 17 3 3 11 3 6 3 3 3 16 3 3 3 3 3 3 3 3 3 3 3 3 3 3 4 10 3
5 13 3 3 4 7 8 3 7 3 4 4 3 3 7 10 3 3 3 3 3 3 3 3 3 3 3 3 3 3 5 5 6
5 13 3 3 4 7 8 3 7 3 4 8 3 3 3 17 3 3 3 3 3 3 3 3 3 3 3 3 3 3 4 12 3
5 13 3 3 5 6 13 3 3 4 18 8 3 3 3 4 3 3 3 3 3 3 3 3 3 3 3 3 3 3 4 8 3
5 13 3 3 4 7 8 3 7 3 4 4 3 3 6 16 3 3 3 3 3 3 3 3 3 3 3 3 3 3 4 10 3
5 13 3 3 4 7 8 3 7 3 4 4 3 3 7 12 3 3 3 3 3 3 3 3 3 3 3 3 3 3 4 12 3
5 13 3 3 4 7 8 3 7 3 4 4 3 3 7 6 3 3 3 3 3 3 3 3 3 3 3 3 3 3 5 6 3
5 7 3 7 15 15 11 3 3 5 5 3 3 3 3 3 3 3 3 3 3 3 3 3 3 3 3 3 3 5 5 3 3
5 3 3 4 3 11 8 3 6 4 4 3 3 6 3 7 3 3 3 3 3 3 3 3 3 3 3 3 3 3 4 9 17
5 13 3 3 4 7 8 3 7 3 4 8 3 3 4 3 3 3 3 3 3 3 3 3 3 3 3 3 3 3 4 10 3
5 13 3 3 4 7 8 3 7 3 4 4 3 3 6 15 3 3 3 3 3 3 3 3 3 3 3 3 3 3 5 6 3
5 13 3 3 4 7 8 3 7 3 4 4 3 3 7 7 3 3 3 3 3 3 3 3 3 3 3 3 3 3 4 9 17
5 3 3 4 4 7 11 11 18 18 18 18 3 3 3 3 3 3 3 3 3 3 3 3 3 3 3 3 3 3 7 12 3
5 13 3 3 4 7 8 3 7 3 4 5 3 3 3 6 3 3 3 3 3 3 3 3 3 3 3 3 3 3 4 10 3
5 3 3 4 3 9 3 3 3 4 15 4 3 3 3 3 4 3 3 3 3 3 3 3 3 3 3 3 3 3 3 3 5
5 13 3 3 5 6 13 3 3 4 17 8 3 3 3 4 3 3 3 3 3 3 3 3 3 3 3 3 3 3 4 10 3
5 13 3 3 4 7 8 3 7 3 4 4 3 3 7 6 3 3 3 3 3 3 3 3 3 3 3 3 3 3 4 12 3
5 3 3 4 4 5 17 3 3 11 3 6 3 3 3 7 3 3 3 3 3 3 3 3 3 3 3 3 3 3 4 9 17
5 3 3 4 7 4 16 3 3 3 9 10 16 13 3 3 3 3 3 3 3 3 3 3 3 3 3 3 3 3 4 10 3
5 13 3 3 4 7 8 3 7 3 4 4 3 3 6 18 3 3 3 3 3 3 3 3 3 3 3 3 3 3 4 9 17
5 9 5 3 3 4 4 13 13 3 4 16 3 3 3 3 3 3 3 3 3 3 3 3 3 3 3 3 3 3 4 8 3
5 13 3 3 4 13 5 11 4 12 3 4 3 3 3 3 3 3 3 3 3 3 3 3 3 3 3 3 3 3 4 10 3
5 3 3 4 4 5 17 3 3 11 3 6 3 3 3 7 3 3 3 3 3 3 3 3 3 3 3 3 3 3 4 10 3
5 13 3 5 3 9 14 11 3 3 3 3 3 3 3 3 3 3 3 3 3 3 3 3 3 3 3 3 3 3 5 8 6
5 3 3 4 5 3 6 3 3 3 3 3 3 3 6 8 3 3 3 3 3 3 3 3 3 3 3 3 3 3 4 9 17
5 3 3 4 3 16 15 3 5 3 3 4 3 3 4 4 3 3 3 3 3 3 3 3 3 3 3 3 3 5 5 3 3
5 13 3 3 4 7 8 3 7 3 4 4 3 3 6 18 3 3 3 3 3 3 3 3 3 3 3 3 3 3 5 4 3
5 13 3 3 10 8 11 3 3 3 4 3 3 4 18 18 3 3 3 3 3 3 3 3 3 3 13 4 3 3 8 6 8
5 3 3 4 7 4 16 3 3 3 3 5 13 12 8 4 3 3 3 3 3 3 3 3 3 3 3 3 3 3 4 9 17
5 13 3 3 4 7 8 3 7 3 4 4 3 3 7 17 3 3 3 3 3 3 3 3 3 3 3 3 3 3 4 9 17
5 13 3 3 4 7 8 3 7 3 4 8 3 3 3 9 3 3 3 3 3 3 3 3 3 3 3 3 3 3 5 4 3
5 9 5 3 3 4 4 13 13 3 4 13 3 3 3 3 3 3 3 3 3 3 3 3 3 3 3 3 3 3 4 10 3
5 3 3 4 3 9 3 3 3 4 15 3 17 3 3 3 3 3 3 3 3 3 3 3 3 3 6 8 3 3 4 14 3
5 9 5 3 3 4 4 13 13 3 4 12 3 3 3 4 3 3 3 3 3 3 3 3 3 3 3 3 3 3 4 9 17
5 13 3 3 4 7 8 3 7 3 4 4 3 3 7 10 3 3 3 3 3 3 3 3 3 3 3 3 3 3 5 6 3
5 3 3 4 4 5 17 3 3 11 3 6 3 3 3 8 3 3 3 3 3 3 3 3 3 3 3 3 3 3 4 9 17
5 3 3 4 4 5 17 3 3 11 3 6 3 3 3 8 3 3 3 3 3 3 3 3 3 3 3 3 3 3 4 9 17
5 13 3 5 3 9 14 11 3 3 3 3 3 3 3 3 3 3 3 3 3 3 3 3 3 3 3 3 3 3 5 8 6
5 9 5 3 3 4 4 13 13 3 3 17 3 3 3 5 3 3 3 3 3 3 3 3 3 3 3 3 3 3 4 8 3
5 9 3 3 4 7 3 4 3 3 3 5 3 3 3 3 3 3 3 3 3 3 3 3 3 3 3 3 3 3 8 3 3
5 9 5 3 3 4 4 13 13 3 4 16 3 3 3 3 3 3 3 3 3 3 3 3 3 3 3 3 3 3 4 8 3
5 3 3 4 7 4 16 3 3 3 3 5 13 14 14 5 3 3 3 3 3 3 3 3 3 3 3 3 3 3 5 5 3
5 13 3 3 5 6 13 3 3 4 17 8 3 3 3 4 3 3 3 3 3 3 3 3 3 3 3 3 3 3 4 10 3
5 13 3 3 4 7 8 3 7 3 4 4 3 3 7 15 3 3 3 3 3 3 3 3 3 3 3 3 3 3 4 9 3
5 13 3 3 5 6 13 3 3 4 17 8 3 3 3 4 3 3 3 3 3 3 3 3 3 3 3 3 3 3 4 8 3
5 3 3 4 3 11 8 3 6 4 4 3 3 6 3 7 3 3 3 3 3 3 3 3 3 3 3 3 3 3 4 10 3
5 13 3 3 5 6 13 3 3 4 17 8 3 3 3 5 3 3 3 3 3 3 3 3 3 3 3 3 3 3 4 10 3
5 13 3 3 5 6 13 3 3 4 17 8 3 3 3 6 3 3 3 3 3 3 3 3 3 3 3 3 3 3 4 12 3
5 9 3 3 3 6 11 10 3 3 3 13 3 12 3 7 3 3 3 3 3 3 3 3 3 3 3 3 3 3 5 6 3
5 3 3 4 7 4 16 3 3 3 3 5 13 12 8 4 3 3 3 3 3 3 3 3 3 3 3 3 3 3 4 9 17
5 13 3 3 4 7 8 3 7 3 4 4 3 3 7 3 3 3 3 3 3 3 3 3 3 3 3 3 3 3 4 10 3
5 13 3 3 4 7 8 3 7 3 4 8 3 3 3 16 3 3 3 3 3 3 3 3 3 3 3 3 3 3 5 4 3
5 3 3 4 5 3 6 3 3 3 3 3 3 3 6 8 3 3 3 3 3 3 3 3 3 3 3 3 3 3 5 5 6
5 3 3 4 3 8 3 3 3 3 12 7 3 3 3 4 3 3 3 3 3 3 3 3 3 3 3 3 3 3 4 10 3
5 3 3 4 7 11 9 3 7 11 3 5 3 3 6 5 3 3 3 3 3 3 3 3 3 3 3 3 3 3 4 8 3
5 3 3 4 3 12 17 3 3 3 3 11 3 11 3 5 3 3 3 3 3 3 3 3 3 3 3 3 3 3 11 3 3
5 13 3 3 4 7 8 3 7 3 4 4 3 3 7 5 3 3 3 3 3 3 3 3 3 3 3 3 3 3 5 4 10
5 9 5 3 3 4 4 13 13 3 4 12 3 3 3 3 3 3 3 3 3 3 3 3 3 3 3 3 3 3 4 10 3
5 13 3 3 4 7 8 3 7 3 4 8 3 3 3 3 3 3 3 3 3 3 3 3 3 3 3 3 3 3 4 9 3
5 13 3 3 4 7 8 3 7 3 4 8 3 3 3 16 3 3 3 3 3 3 3 3 3 3 3 3 3 3 4 8 3
5 9 5 3 3 4 4 13 13 3 5 10 3 3 3 3 3 3 3 3 3 3 3 3 3 3 3 3 3 3 5 4 10
5 13 3 3 4 7 8 3 7 3 4 4 3 3 6 15 3 3 3 3 3 3 3 3 3 3 3 3 3 3 5 4 10
5 13 3 9 5 17 15 3 16 17 16 4 3 3 3 4 3 3 3 3 3 3 3 3 3 3 3 3 3 3 4 10 3
5 9 3 3 3 6 11 10 3 3 3 9 3 12 11 7 3 3 3 3 3 3 3 3 3 3 3 3 3 3 6 4 3
5 7 3 7 9 11 3 3 7 3 3 11 3 15 3 3 3 3 3 3 3 3 3 3 3 3 3 3 3 3 8 6 3
5 9 3 3 3 6 11 10 3 3 3 3 3 3 3 12 3 3 3 3 3 3 3 3 3 3 3 3 3 3 5 8 6
5 3 3 4 4 5 17 3 3 11 3 6 3 3 3 7 3 3 3 3 3 3 3 3 3 3 3 3 3 3 4 9 17
5 3 3 4 4 5 17 3 3 11 3 6 3 3 3 8 3 3 3 3 3 3 3 3 3 3 3 3 3 3 5 5 6
5 13 3 3 4 7 8 3 7 3 4 8 3 3 4 3 3 3 3 3 3 3 3 3 3 3 3 3 3 3 5 4 3
5 3 3 4 3 9 10 15 4 3 4 3 3 3 3 8 3 3 3 3 3 3 3 3 3 3 3 3 3 3 8 6 3
5 3 3 4 3 11 8 3 6 4 4 3 3 6 3 8 3 3 3 3 3 3 3 3 3 3 3 3 3 3 5 6 3
5 9 5 3 3 4 4 13 13 3 4 6 3 3 3 4 3 3 3 3 3 3 3 3 3 3 3 3 3 3 5 4 3
5 13 3 3 4 7 8 3 7 3 4 4 3 3 7 4 3 3 3 3 3 3 3 3 3 3 3 3 3 3 4 9 17
5 13 3 3 4 7 8 3 7 3 4 4 3 3 7 10 3 3 3 3 3 3 3 3 3 3 3 3 3 3 5 5 6
5 3 3 4 4 5 17 3 3 11 3 6 3 3 3 14 3 3 3 3 3 3 3 3 3 3 3 3 3 3 4 12 3
5 13 3 3 4 7 8 3 7 3 4 8 3 3 3 16 3 3 3 3 3 3 3 3 3 3 3 3 3 3 4 10 3
5 13 3 3 4 7 8 3 7 3 4 5 3 3 3 3 3 3 3 3 3 3 3 3 3 3 3 3 3 3 5 4 3
5 9 5 3 3 4 4 13 13 3 5 13 3 3 3 4 3 3 3 3 3 3 3 3 3 3 3 3 3 3 4 9 3
5 13 3 3 4 7 8 3 7 3 4 4 3 3 7 8 3 3 3 3 3 3 3 3 3 3 3 3 3 3 5 6 3
5 13 3 3 4 7 8 3 7 3 4 4 3 3 7 15 3 3 3 3 3 3 3 3 3 3 3 3 3 3 5 6 3
5 13 3 3 4 7 8 3 7 3 4 4 3 3 7 6 3 3 3 3 3 3 3 3 3 3 3 3 3 3 4 8 3
5 9 5 3 3 4 4 13 13 3 3 17 3 3 3 3 3 3 3 3 3 3 3 3 3 3 3 3 3 3 5 6 3
5 13 3 6 17 8 11 4 3 3 3 13 3 3 3 3 3 3 3 3 3 3 3 3 3 3 3 3 3 4 5 6 3
5 3 3 4 3 8 3 3 3 3 12 3 3 3 3 4 3 3 3 3 3 3 3 3 3 3 3 3 3 3 5 6 3
5 3 3 4 7 4 16 3 3 6 3 4 3 3 3 3 3 3 3 3 3 3 3 3 3 3 3 3 3 3 5 4 3
5 13 3 3 5 6 13 3 3 4 18 8 3 3 3 6 3 3 3 3 3 3 3 3 3 3 3 3 3 3 4 10 3
5 13 3 3 4 7 8 3 7 3 4 8 3 3 3 10 3 3 3 3 3 3 3 3 3 3 3 3 3 3 4 10 3
5 7 3 7 9 11 3 3 7 3 3 11 3 15 3 3 3 3 3 3 3 3 3 3 3 3 3 3 3 3 8 6 3
5 3 3 4 3 8 3 3 3 3 11 18 3 3 3 3 3 3 3 3 3 3 3 3 3 3 3 3 3 3 8 6 3
5 3 3 4 4 5 17 3 3 11 3 6 3 3 3 6 3 3 3 3 3 3 3 3 3 3 3 3 3 3 5 5 6
5 9 3 3 3 6 11 10 3 3 3 13 3 12 3 7 3 3 3 3 3 3 3 3 3 3 3 3 3 3 4 9 17
5 9 3 10 18 11 14 3 7 3 3 5 3 3 5 11 3 3 3 3 3 3 3 3 3 3 3 3 3 3 5 5 6
5 13 3 3 4 7 8 3 7 3 4 5 3 3 3 3 3 3 3 3 3 3 3 3 3 3 3 3 3 3 4 8 3
5 13 3 3 4 7 8 3 7 3 4 8 3 3 3 18 3 3 3 3 3 3 3 3 3 3 3 3 3 3 5 6 3
5 13 3 15 8 8 3 3 3 3 3 5 3 3 3 3 3 3 3 3 3 3 3 3 3 3 3 3 3 3 11 3 3
5 9 3 3 3 6 11 10 3 3 3 9 3 12 11 7 3 3 3 3 3 3 3 3 3 3 3 3 3 3 4 8 3
5 9 5 3 3 4 4 13 13 3 4 12 3 3 3 4 3 3 3 3 3 3 3 3 3 3 3 3 3 3 4 8 3
5 3 3 4 3 13 9 3 12 4 17 13 3 3 3 3 3 3 3 3 3 3 3 3 3 3 3 3 3 3 5 6 3
5 9 3 10 18 3 16 3 6 11 3 5 3 3 11 7 3 3 3 3 3 3 3 3 3 3 3 3 3 3 8 6 3
5 9 5 3 3 4 4 13 13 3 5 13 3 3 3 3 3 3 3 3 3 3 3 3 3 3 3 3 3 3 4 12 3
5 13 3 5 5 4 7 14 3 3 3 8 3 3 3 3 3 3 3 3 3 3 3 3 3 3 3 3 3 3 5 6 3
5 9 3 3 6 15 3 5 3 3 3 3 3 3 3 3 3 3 3 3 3 3 3 3 3 3 4 4 3 3 3 6 3
5 3 3 4 3 11 8 3 6 4 4 3 3 6 3 8 3 3 3 3 3 3 3 3 3 3 3 3 3 3 4 9 17
5 13 3 3 4 7 8 3 7 3 4 4 3 3 7 8 3 3 3 3 3 3 3 3 3 3 3 3 3 3 4 10 3
5 13 3 3 4 7 8 3 7 3 4 4 3 3 7 17 3 3 3 3 3 3 3 3 3 3 3 3 3 3 4 12 3
5 13 3 3 4 7 8 3 7 3 4 4 3 3 7 6 3 3 3 3 3 3 3 3 3 3 3 3 3 3 5 4 10
5 9 3 3 3 6 11 10 3 3 3 9 3 12 11 7 3 3 3 3 3 3 3 3 3 3 3 3 3 3 6 4 3
5 13 3 3 4 7 8 3 7 3 4 8 3 3 3 10 3 3 3 3 3 3 3 3 3 3 3 3 3 3 5 6 3
5 13 3 3 4 7 8 3 7 3 4 4 3 3 7 5 3 3 3 3 3 3 3 3 3 3 3 3 3 3 4 12 3
5 3 3 4 4 5 17 3 3 11 3 6 3 3 3 16 3 3 3 3 3 3 3 3 3 3 3 3 3 3 5 4 3
5 3 3 4 3 9 3 3 3 4 15 3 17 3 3 4 3 3 3 3 3 3 3 3 3 3 6 8 3 3 3 11 3
5 13 3 3 4 7 8 3 7 3 4 4 3 3 7 10 3 3 3 3 3 3 3 3 3 3 3 3 3 3 5 6 3
5 9 3 10 18 11 14 3 7 3 3 5 3 3 5 11 3 3 3 3 3 3 3 3 3 3 3 3 3 3 4 8 3
5 9 3 10 18 11 14 3 7 3 3 5 3 3 5 11 3 3 3 3 3 3 3 3 3 3 3 3 3 3 4 12 3
5 3 3 4 7 4 16 3 3 6 3 4 3 3 3 4 3 3 3 3 3 3 3 3 3 3 3 3 3 3 5 5 3
5 9 5 3 3 4 4 13 13 3 3 17 3 3 3 4 3 3 3 3 3 3 3 3 3 3 3 3 3 3 4 9 17
5 11 3 3 3 6 11 3 8 3 3 3 3 3 3 14 3 3 3 3 3 3 3 3 3 3 3 3 3 3 4 9 17
5 9 3 3 3 6 11 10 3 3 3 14 3 12 3 7 3 3 3 3 3 3 3 3 3 3 3 3 3 3 5 4 3
5 13 3 3 4 7 8 3 7 3 4 4 3 3 7 16 3 3 3 3 3 3 3 3 3 3 3 3 3 3 4 12 3
5 11 3 3 3 6 11 3 8 3 3 3 3 3 3 12 3 3 3 3 3 3 3 3 3 3 3 3 3 3 4 8 3
5 3 3 4 4 5 17 3 3 11 3 6 3 3 3 3 3 3 3 3 3 3 3 3 3 3 3 3 3 3 5 4 3
5 13 3 6 3 3 11 3 3 3 3 3 3 3 13 3 3 3 3 3 3 3 3 3 3 3 3 3 3 3 8 6 3
5 13 3 3 4 7 8 3 7 3 4 4 3 3 7 3 3 3 3 3 3 3 3 3 3 3 3 3 3 3 5 5 6
5 13 3 3 4 7 8 3 7 3 4 8 3 3 3 16 3 3 3 3 3 3 3 3 3 3 3 3 3 3 4 12 3
5 13 3 3 4 7 8 3 7 3 4 4 3 3 6 18 3 3 3 3 3 3 3 3 3 3 3 3 3 3 4 9 17
5 13 3 3 4 7 8 3 7 3 4 4 3 3 7 5 3 3 3 3 3 3 3 3 3 3 3 3 3 3 4 8 3
5 9 5 3 3 4 4 13 13 3 3 17 3 3 3 5 3 3 3 3 3 3 3 3 3 3 3 3 3 3 5 4 3
5 9 5 3 3 4 4 13 13 3 5 13 3 3 3 3 3 3 3 3 3 3 3 3 3 3 3 3 3 3 4 10 3
5 9 3 3 3 6 11 10 3 3 3 14 3 12 3 7 3 3 3 3 3 3 3 3 3 3 3 3 3 3 4 8 3
5 13 3 5 15 14 18 7 3 4 3 3 3 8 3 3 3 3 3 3 3 3 3 3 3 3 3 3 3 3 4 9 17
5 13 3 3 4 7 8 3 7 3 4 8 3 3 3 18 3 3 3 3 3 3 3 3 3 3 3 3 3 3 5 5 6
5 9 5 3 3 4 4 13 13 3 4 16 3 3 3 4 3 3 3 3 3 3 3 3 3 3 3 3 3 3 5 4 3
5 3 3 4 4 5 17 3 3 11 3 6 3 3 3 16 3 3 3 3 3 3 3 3 3 3 3 3 3 3 4 8 3
5 3 3 4 5 3 6 3 3 3 3 3 3 3 6 8 3 3 3 3 3 3 3 3 3 3 3 3 3 3 5 4 3
5 13 3 3 4 7 8 3 7 3 4 5 3 3 3 4 3 3 3 3 3 3 3 3 3 3 3 3 3 3 4 12 3
5 3 3 4 7 4 16 3 3 6 3 4 3 3 3 3 3 3 3 3 3 3 3 3 3 3 3 3 3 3 5 4 3
5 9 5 3 3 3 12 8 7 3 3 4 3 3 3 3 3 3 3 3 3 3 3 3 3 3 3 3 3 4 5 6 3
5 3 3 4 3 9 3 3 3 4 15 3 17 3 3 4 3 3 3 3 3 3 3 3 3 3 6 8 3 3 3 11 3
5 9 3 3 3 6 11 10 3 3 3 9 3 12 11 7 3 3 3 3 3 3 3 3 3 3 3 3 3 3 5 4 6
5 13 3 3 4 7 8 3 7 3 4 4 3 3 7 17 3 3 3 3 3 3 3 3 3 3 3 3 3 3 4 10 3
5 3 3 4 3 10 11 3 8 6 16 6 3 3 3 3 3 3 3 3 3 3 3 3 3 3 3 3 3 3 8 6 3
5 13 3 3 4 7 8 3 7 3 4 8 3 3 3 15 3 3 3 3 3 3 3 3 3 3 3 3 3 3 4 8 3
5 3 3 4 3 9 10 15 4 8 9 5 3 3 3 3 3 3 3 3 3 3 3 3 3 3 3 3 3 3 4 9 3
5 13 3 3 4 7 8 3 7 3 4 5 3 3 3 6 3 3 3 3 3 3 3 3 3 3 3 3 3 3 4 9 17
5 3 3 4 3 11 14 3 3 3 9 6 3 3 3 5 3 3 3 3 3 3 3 3 3 3 3 3 3 3 5 5 3
5 13 3 3 4 7 8 3 7 3 4 4 3 3 7 8 3 3 3 3 3 3 3 3 3 3 3 3 3 3 4 10 3
5 13 3 3 4 7 8 3 7 3 4 4 3 3 7 16 3 3 3 3 3 3 3 3 3 3 3 3 3 3 4 10 3
5 9 5 3 3 4 4 13 13 3 4 6 3 3 3 3 3 3 3 3 3 3 3 3 3 3 3 3 3 3 5 5 6
5 11 3 3 3 6 11 3 8 3 3 3 3 3 3 14 3 3 3 3 3 3 3 3 3 3 3 3 3 3 4 9 17
5 9 5 3 3 4 4 13 13 3 5 13 3 3 3 3 3 3 3 3 3 3 3 3 3 3 3 3 3 3 4 10 3
5 9 3 3 4 7 3 4 3 3 3 5 3 3 3 3 3 3 3 3 3 3 3 3 3 3 3 3 3 3 11 3 3
5 3 3 4 4 5 17 3 3 11 3 6 3 3 3 8 3 3 3 3 3 3 3 3 3 3 3 3 3 3 4 12 3
5 13 3 3 4 7 8 3 7 3 4 4 3 3 7 15 3 3 3 3 3 3 3 3 3 3 3 3 3 3 4 10 3
5 3 3 4 3 13 9 3 12 3 4 17 3 3 3 3 3 3 3 3 3 3 3 3 3 3 3 3 3 3 5 5 6
5 9 3 10 18 11 14 3 7 3 3 6 3 15 4 8 3 3 3 3 3 3 3 3 3 3 3 3 3 4 4 3 3
5 9 4 3 3 3 13 4 4 3 10 5 3 3 3 3 3 3 3 3 3 3 3 3 3 3 3 3 3 3 11 3 3
5 13 3 3 4 7 8 3 7 3 4 4 3 3 7 10 3 3 3 3 3 3 3 3 3 3 3 3 3 3 4 8 3
5 13 3 3 5 6 13 3 3 4 18 8 3 3 3 6 3 3 3 3 3 3 3 3 3 3 3 3 3 3 4 8 3
5 13 3 3 4 7 8 3 7 3 4 3 3 15 3 18 3 3 3 3 3 3 3 3 3 3 3 3 3 3 9 17 3
5 13 3 3 4 7 8 3 7 3 4 8 3 3 3 3 3 3 3 3 3 3 3 3 3 3 3 3 3 3 4 9 3
5 9 5 3 3 4 4 13 13 3 4 16 3 3 3 3 3 3 3 3 3 3 3 3 3 3 3 3 3 3 4 9 3
5 13 3 3 4 7 8 3 7 3 4 8 3 3 4 3 3 3 3 3 3 3 3 3 3 3 3 3 3 3 4 9 17
5 3 3 4 3 9 10 15 4 3 4 3 3 3 4 5 3 3 3 3 3 3 3 3 3 3 3 3 3 3 8 6 3
5 13 3 5 3 8 9 11 3 3 3 3 3 3 3 5 3 3 3 3 3 3 3 3 3 3 3 3 3 3 8 6 3
5 13 3 3 4 7 8 3 7 3 4 8 3 3 3 3 3 3 3 3 3 3 3 3 3 3 3 3 3 3 4 10 3
5 13 3 3 4 7 8 3 7 3 4 8 3 3 3 17 3 3 3 3 3 3 3 3 3 3 3 3 3 3 5 5 6
5 9 5 3 3 4 4 13 13 3 4 6 3 3 3 4 3 3 3 3 3 3 3 3 3 3 3 3 3 3 4 8 3
5 9 3 8 9 5 11 3 3 3 3 4 3 3 8 5 3 3 3 3 3 3 3 3 3 3 3 3 3 3 5 5 3
5 3 3 4 3 7 10 3 3 3 18 16 3 3 3 6 3 3 3 3 3 3 3 3 3 3 3 3 3 3 11 3 3
5 13 3 5 15 14 18 7 3 4 3 3 3 8 3 3 3 3 3 3 3 3 3 3 3 3 3 3 3 3 4 9 17
5 13 3 3 4 7 8 3 7 3 4 5 3 3 3 6 3 3 3 3 3 3 3 3 3 3 3 3 3 3 4 10 3
5 13 3 3 5 6 13 3 3 4 17 8 3 3 3 4 3 3 3 3 3 3 3 3 3 3 3 3 3 3 4 10 3
5 13 3 3 4 7 8 3 7 3 4 4 3 3 7 4 3 3 3 3 3 3 3 3 3 3 3 3 3 3 4 9 17
5 3 3 6 3 3 3 11 3 3 4 7 3 3 3 3 3 3 3 3 3 3 3 3 3 3 3 3 3 3 8 6 3
5 3 3 4 3 5 8 3 15 3 3 9 3 3 3 3 3 3 3 3 3 3 3 3 3 3 3 3 3 8 6 3 3
5 13 3 3 4 7 8 3 7 3 4 4 3 3 7 10 3 3 3 3 3 3 3 3 3 3 3 3 3 3 5 5 6
5 9 5 3 3 4 4 13 13 3 4 16 3 3 3 3 3 3 3 3 3 3 3 3 3 3 3 3 3 3 5 6 3
5 3 3 4 3 14 3 11 3 3 3 5 3 4 3 3 3 3 3 3 3 3 3 3 3 3 3 3 3 3 8 3 3
5 13 3 3 12 18 3 3 3 3 3 3 3 3 3 6 3 3 3 3 3 3 3 3 3 3 3 3 3 3 5 5 3
5 13 3 3 4 7 8 3 7 3 4 4 3 3 7 13 3 3 3 3 3 3 3 3 3 3 3 3 3 3 4 12 3
5 13 3 3 4 7 8 3 7 3 4 4 3 3 7 5 3 3 3 3 3 3 3 3 3 3 3 3 3 3 5 6 3
5 9 3 3 3 6 11 10 3 3 3 9 3 12 11 7 3 3 3 3 3 3 3 3 3 3 3 3 3 3 5 5 3
5 13 3 3 4 7 8 3 7 3 4 4 3 3 7 12 3 3 3 3 3 3 3 3 3 3 3 3 3 3 4 12 3
5 13 3 3 4 7 8 3 7 3 4 4 3 3 6 18 3 3 3 3 3 3 3 3 3 3 3 3 3 3 5 5 6
5 9 4 3 3 3 13 4 4 3 3 7 3 3 3 3 3 3 3 3 3 3 3 3 3 3 3 3 3 3 4 10 3
5 13 3 3 4 7 8 3 7 3 4 4 3 3 7 8 3 3 3 3 3 3 3 3 3 3 3 3 3 3 5 6 3
5 9 5 3 3 4 4 13 13 3 3 17 3 3 3 5 3 3 3 3 3 3 3 3 3 3 3 3 3 3 4 12 3
5 9 5 3 3 4 4 13 13 3 4 12 3 3 3 4 3 3 3 3 3 3 3 3 3 3 3 3 3 3 5 4 3
5 13 3 6 9 3 3 3 4 3 3 5 4 3 3 5 3 3 3 3 3 3 3 3 3 3 3 3 3 3 8 6 3
5 13 3 3 4 7 8 3 7 3 4 4 3 3 7 8 3 3 3 3 3 3 3 3 3 3 3 3 3 3 4 12 3
5 13 3 4 11 11 7 3 3 3 17 10 3 3 3 3 3 3 3 3 3 3 3 3 3 3 3 3 3 3 4 10 3
5 3 3 4 3 7 4 11 3 6 18 18 3 3 3 3 3 3 3 3 3 3 3 3 3 3 3 3 3 6 8 3 3
5 13 3 5 5 3 15 11 7 4 5 7 3 3 3 3 3 3 3 3 3 3 3 3 3 3 3 3 3 3 9 17 3
5 13 3 3 4 7 8 3 7 3 4 4 3 3 7 11 3 3 3 3 3 3 3 3 3 3 3 3 3 3 4 9 3
5 3 3 4 5 3 6 3 3 3 3 3 3 3 6 8 3 3 3 3 3 3 3 3 3 3 3 3 3 3 5 6 3
5 9 5 3 3 4 4 13 13 3 3 17 3 3 3 3 3 3 3 3 3 3 3 3 3 3 3 3 3 3 5 6 3
